{
  "asset": {
    "version": "2.0",
    "generator": "GLTFExporter"
  },
  "scenes": [
    {
      "name": "AuxScene",
      "nodes": [
        42
      ]
    }
  ],
  "scene": 0,
  "nodes": [
    {
      "name": "unamed",
      "extras": {
        "transformData": {
          "eulerOrder": "ZYX",
          "parentMatrixWorld": {
            "elements": [
              1,
              0,
              0,
              0,
              0,
              1,
              0,
              0,
              0,
              0,
              1,
              0,
              -0.05000007152557373,
              -2.050000011920929,
              -0.09999996423721313,
              1
            ]
          }
        }
      },
      "mesh": 0,
      "skin": 0
    },
    {
      "translation": [
        1.8041124150158794e-16,
        1.8512632846832275,
        -0.10702560842037177
      ],
      "name": "mixamorigHeadTop_End",
      "extras": {
        "transformData": {
          "eulerOrder": "ZYX",
          "translation": [
            1.8041124150158794e-16,
            1.8512632846832275,
            -0.10702560842037177
          ],
          "parentMatrixWorld": {
            "elements": [
              0.8848793616636356,
              0.021941776074040548,
              -0.4653032054086476,
              0,
              0.18656331010600163,
              0.8985841088713521,
              0.3971658720240253,
              0,
              0.42682859068147877,
              -0.4382523896580933,
              0.7910450023115642,
              0,
              6.245004513516506e-17,
              0.6430251598358154,
              -0.037174701690673745,
              1
            ]
          }
        }
      }
    },
    {
      "rotation": [
        0.22093565266878007,
        0.23593417773616035,
        -0.04353599595902345,
        0.9453185255420862
      ],
      "translation": [
        6.245004513516506e-17,
        0.6430251598358154,
        -0.037174701690673745
      ],
      "name": "mixamorigHead",
      "extras": {
        "transformData": {
          "eulerOrder": "ZYX",
          "translation": [
            6.245004513516506e-17,
            0.6430251598358154,
            -0.037174701690673745
          ],
          "parentMatrixWorld": {
            "elements": [
              0.9056460461024045,
              0.35988326380501207,
              -0.2242527052694142,
              0,
              -0.3563773289528855,
              0.9325785235369856,
              0.05738028402666451,
              0,
              0.2297834606667884,
              0.027952352667100586,
              0.9728402886622193,
              0,
              0,
              0.5347143616040819,
              -5.188269786016164e-9,
              1
            ]
          }
        }
      },
      "children": [
        1
      ]
    },
    {
      "rotation": [
        0.007537139762529941,
        0.11628863742038803,
        0.18345007428645893,
        0.9760974416933872
      ],
      "translation": [
        0,
        0.5347143616040819,
        -5.188269786016164e-9
      ],
      "name": "mixamorigNeck",
      "extras": {
        "transformData": {
          "eulerOrder": "ZYX",
          "translation": [
            0,
            0.5347143616040819,
            -5.188269786016164e-9
          ],
          "preRotation": [
            -1.4484134972556,
            1.9336951938053767e-16,
            7.528110366043616e-15
          ],
          "parentMatrixWorld": {
            "elements": [
              0.9980333766807512,
              0.043027005026976047,
              0.045585697250281616,
              0,
              -0.04151196039451107,
              0.998570302708782,
              -0.0336765146232146,
              0,
              -0.046969523093068545,
              0.03171793390767471,
              0.9983926264286302,
              0,
              0,
              0.4753017480702706,
              0,
              1
            ]
          }
        }
      },
      "children": [
        2
      ]
    },
    {
      "rotation": [
        8.67361737988404e-17,
        1.0381966106462456e-32,
        1.1969591984239976e-16,
        1
      ],
      "translation": [
        0.010345833085735417,
        0.15101580331109066,
        5.551115123125783e-17
      ],
      "name": "mixamorigLeftHandThumb4",
      "extras": {
        "transformData": {
          "eulerOrder": "ZYX",
          "translation": [
            0.010345833085735417,
            0.15101580331109066,
            5.551115123125783e-17
          ],
          "preRotation": [
            9.939233379573495e-15,
            0,
            1.3716142063811425e-14
          ],
          "parentMatrixWorld": {
            "elements": [
              0.4906688325343648,
              0.022563929595872417,
              -0.8710539404951831,
              0,
              -0.4403387082079028,
              0.86904353760721,
              -0.2255330400512297,
              0,
              0.7518948864201624,
              0.49422080002985164,
              0.43634834952490953,
              0,
              -0.10753874834615418,
              0.1696473428682843,
              -5.551115123125783e-17,
              1
            ]
          }
        }
      }
    },
    {
      "rotation": [
        -0.21521904272289966,
        0.4852902109943945,
        0.13841602091460975,
        0.8360712776329275
      ],
      "translation": [
        -0.10753874834615418,
        0.1696473428682843,
        -5.551115123125783e-17
      ],
      "name": "mixamorigLeftHandThumb3",
      "extras": {
        "transformData": {
          "eulerOrder": "ZYX",
          "translation": [
            -0.10753874834615418,
            0.1696473428682843,
            -5.551115123125783e-17
          ],
          "preRotation": [
            -1.030233612396401,
            0,
            3.379339349054987e-15
          ],
          "parentMatrixWorld": {
            "elements": [
              0.4361114273271667,
              -0.7322278049356945,
              0.5231149744555904,
              0,
              0.8404979376271864,
              0.5391242048132138,
              0.053928826495818705,
              0,
              -0.32151213299821924,
              0.4161580747286114,
              0.8505541771797447,
              0,
              0.09719291526041884,
              0.12937250393181854,
              -1.1102230246251565e-16,
              1
            ]
          }
        }
      },
      "children": [
        4
      ]
    },
    {
      "rotation": [
        -0.10774164159484503,
        -0.25122629256623524,
        -0.46779230034262115,
        0.840504290799027
      ],
      "translation": [
        0.09719291526041884,
        0.12937250393181854,
        -1.1102230246251565e-16
      ],
      "name": "mixamorigLeftHandThumb2",
      "extras": {
        "transformData": {
          "eulerOrder": "ZYX",
          "translation": [
            0.09719291526041884,
            0.12937250393181854,
            -1.1102230246251565e-16
          ],
          "preRotation": [
            -0.5793522425811051,
            3.1805546814635176e-15,
            -2.8823776800763126e-15
          ],
          "parentMatrixWorld": {
            "elements": [
              0.840414868632219,
              0.4056056021723493,
              -0.35942585336658245,
              0,
              0.0608659096932225,
              0.5883782023090041,
              0.8062917785050528,
              0,
              0.5385147998143659,
              -0.6994963806439821,
              0.46979423564669553,
              0,
              -0.12158432028957167,
              0.16164541280125322,
              1.876911903675449e-9,
              1
            ]
          }
        }
      },
      "children": [
        5
      ]
    },
    {
      "rotation": [
        0.442222350937998,
        0.2637086925141498,
        0.10124372166395358,
        0.851261902499448
      ],
      "translation": [
        -0.12158432028957167,
        0.16164541280125322,
        1.876911903675449e-9
      ],
      "name": "mixamorigLeftHandThumb1",
      "extras": {
        "transformData": {
          "eulerOrder": "ZYX",
          "translation": [
            -0.12158432028957167,
            0.16164541280125322,
            1.876911903675449e-9
          ],
          "preRotation": [
            -0.000020599602769981203,
            6.361109362927035e-15,
            73.86546659860892
          ],
          "parentMatrixWorld": {
            "elements": [
              0.0699348602902855,
              -0.027585330041289713,
              -0.9971700687021818,
              0,
              0.30600067728834673,
              0.9520188100139619,
              -0.00487543845966118,
              0,
              0.9494591522799041,
              -0.30479375644460627,
              0.07502043268901304,
              0,
              0,
              0.6330929918609507,
              0,
              1
            ]
          }
        }
      },
      "children": [
        6
      ]
    },
    {
      "rotation": [
        3.611118645726066e-34,
        1.7347234759768068e-17,
        -2.0816681711721682e-17,
        1
      ],
      "translation": [
        0.002192506710977593,
        0.056508118298957966,
        0
      ],
      "name": "mixamorigLeftHandIndex4",
      "extras": {
        "transformData": {
          "eulerOrder": "ZYX",
          "translation": [
            0.002192506710977593,
            0.056508118298957966,
            0
          ],
          "preRotation": [
            0,
            1.9878466759146976e-15,
            -2.385416011097637e-15
          ],
          "parentMatrixWorld": {
            "elements": [
              0.9997396418282912,
              -0.018455654323261024,
              0.013417800883165232,
              0,
              0.01886316710469823,
              0.9993442545015585,
              -0.030906988230893308,
              0,
              -0.012838593529674647,
              0.0311520435641812,
              0.999432199150075,
              0,
              0.011576587944489791,
              0.14949946505100642,
              0,
              1
            ]
          }
        }
      }
    },
    {
      "rotation": [
        -0.015517636552144252,
        -0.006565316504027987,
        -0.009331436387626766,
        0.9998144947288878
      ],
      "translation": [
        0.011576587944489791,
        0.14949946505100642,
        0
      ],
      "name": "mixamorigLeftHandIndex3",
      "extras": {
        "transformData": {
          "eulerOrder": "ZYX",
          "translation": [
            0.011576587944489791,
            0.14949946505100642,
            0
          ],
          "preRotation": [
            -14.791887787995897,
            -1.9878466759146976e-15,
            -7.95138670365879e-16
          ],
          "parentMatrixWorld": {
            "elements": [
              0.9788635779789421,
              -0.19612922939394076,
              0.057960505159578714,
              0,
              0.2022370299042434,
              0.9704526147081277,
              -0.13161270853617685,
              0,
              -0.030434824075797666,
              0.14055264739611784,
              0.9896053124040863,
              0,
              -0.01376909465546694,
              0.15691140796268144,
              1.1102230246251565e-16,
              1
            ]
          }
        }
      },
      "children": [
        8
      ]
    },
    {
      "rotation": [
        -0.06856684852523126,
        -0.02226951012651207,
        -0.10036074894725597,
        0.9923358072674988
      ],
      "translation": [
        -0.01376909465546694,
        0.15691140796268144,
        1.1102230246251565e-16
      ],
      "name": "mixamorigLeftHandIndex2",
      "extras": {
        "transformData": {
          "eulerOrder": "ZYX",
          "translation": [
            -0.01376909465546694,
            0.15691140796268144,
            1.1102230246251565e-16
          ],
          "preRotation": [
            24.396797717332515,
            -3.975693351829396e-16,
            -2.1866313435061676e-15
          ],
          "parentMatrixWorld": {
            "elements": [
              0.9513367296324845,
              0.1094743496411106,
              -0.2880517175688447,
              0,
              0.004215884855244891,
              0.9300564279884624,
              0.3673925213333058,
              0,
              0.30812440918984807,
              -0.3507283923314623,
              0.8843353093727525,
              0,
              0,
              0.5409311025543542,
              -2.579112978740028e-9,
              1
            ]
          }
        }
      },
      "children": [
        9
      ]
    },
    {
      "rotation": [
        0.1850303976859407,
        0.1536102120492201,
        0.027120802678965113,
        0.9702742395923274
      ],
      "translation": [
        0,
        0.5409311025543542,
        -2.579112978740028e-9
      ],
      "scale": [
        0.9999999999999999,
        0.9999999999999999,
        1
      ],
      "name": "mixamorigLeftHandIndex1",
      "extras": {
        "transformData": {
          "eulerOrder": "ZYX",
          "translation": [
            0,
            0.5409311025543542,
            -2.579112978740028e-9
          ],
          "preRotation": [
            4.878223034005547,
            1.9878466759146984e-15,
            -13.274834817005596
          ],
          "parentMatrixWorld": {
            "elements": [
              0.0699348602902855,
              -0.027585330041289713,
              -0.9971700687021818,
              0,
              0.30600067728834673,
              0.9520188100139619,
              -0.00487543845966118,
              0,
              0.9494591522799041,
              -0.30479375644460627,
              0.07502043268901304,
              0,
              0,
              0.6330929918609507,
              0,
              1
            ]
          }
        }
      },
      "children": [
        10
      ]
    },
    {
      "rotation": [
        0.10355628612898221,
        0.6721353132061028,
        -0.11518112083232818,
        0.7240466252608475
      ],
      "translation": [
        0,
        0.6330929918609507,
        0
      ],
      "name": "mixamorigLeftHand",
      "extras": {
        "transformData": {
          "eulerOrder": "ZYX",
          "translation": [
            0,
            0.6330929918609507,
            0
          ],
          "preRotation": [
            -132.60495998848984,
            43.8725154774613,
            -134.7819749391649
          ],
          "parentMatrixWorld": {
            "elements": [
              0.9065694869225909,
              -0.39638966165289413,
              0.1449379290491561,
              0,
              0.40979338550606237,
              0.9088780095056905,
              -0.0775251362486702,
              0,
              -0.10100073434304264,
              0.12967652713424743,
              0.9863989305696694,
              0,
              0,
              0.4553231552278547,
              -2.220446049250313e-16,
              1
            ]
          }
        }
      },
      "children": [
        7,
        11
      ]
    },
    {
      "rotation": [
        -0.05313319783156017,
        -0.06306661560094651,
        -0.206731368048845,
        0.9749162098231717
      ],
      "translation": [
        0,
        0.4553231552278547,
        -2.220446049250313e-16
      ],
      "name": "mixamorigLeftForeArm",
      "extras": {
        "transformData": {
          "eulerOrder": "ZYX",
          "translation": [
            0,
            0.4553231552278547,
            -2.220446049250313e-16
          ],
          "preRotation": [
            -4.909986846504311,
            -3.1805546814635176e-15,
            -19.189524294325068
          ],
          "parentMatrixWorld": {
            "elements": [
              -0.43194685924284276,
              0.34927801356517424,
              -0.8315207668990162,
              0,
              0.1573054591190043,
              0.9370109814801293,
              0.31187403445961714,
              0,
              0.8880748330381407,
              0.003910253025717569,
              -0.4596822888812704,
              0,
              1.3877787807814457e-17,
              0.7142237092280566,
              0,
              1
            ]
          }
        }
      },
      "children": [
        12
      ]
    },
    {
      "rotation": [
        0.15060249679063936,
        0.840928078019197,
        0.09387969546372012,
        0.5112195813426929
      ],
      "translation": [
        1.3877787807814457e-17,
        0.7142237092280566,
        0
      ],
      "scale": [
        0.9999999999999999,
        1,
        1
      ],
      "name": "mixamorigLeftArm",
      "extras": {
        "transformData": {
          "eulerOrder": "ZYX",
          "translation": [
            1.3877787807814457e-17,
            0.7142237092280566,
            0
          ],
          "preRotation": [
            -156.07275832420672,
            46.87356984197021,
            -180
          ],
          "parentMatrixWorld": {
            "elements": [
              -0.18511892458746135,
              0.0710729780441277,
              0.980142667592264,
              0,
              -0.9511118533138099,
              -0.2638661144176513,
              -0.16050218578894027,
              0,
              0.2472190517110492,
              -0.9619372853512834,
              0.11644494122206561,
              0,
              -0.3485266864299774,
              0.4530628327267796,
              -0.0012253574622849844,
              1
            ]
          }
        }
      },
      "children": [
        13
      ]
    },
    {
      "rotation": [
        -0.49048502744939226,
        0.4485554227037459,
        -0.6255857215896112,
        -0.40849111324047216
      ],
      "translation": [
        -0.3485266864299774,
        0.4530628327267796,
        -0.0012253574622849844
      ],
      "scale": [
        0.9999999999999999,
        1,
        1
      ],
      "name": "mixamorigLeftShoulder",
      "extras": {
        "transformData": {
          "eulerOrder": "ZYX",
          "translation": [
            -0.3485266864299774,
            0.4530628327267796,
            -0.0012253574622849844
          ],
          "preRotation": [
            -80.2641070699719,
            -89.78442276446317,
            -177.16260451956177
          ],
          "parentMatrixWorld": {
            "elements": [
              0.9980333766807512,
              0.043027005026976047,
              0.045585697250281616,
              0,
              -0.04151196039451107,
              0.998570302708782,
              -0.0336765146232146,
              0,
              -0.046969523093068545,
              0.03171793390767471,
              0.9983926264286302,
              0,
              0,
              0.4753017480702706,
              0,
              1
            ]
          }
        }
      },
      "children": [
        14
      ]
    },
    {
      "rotation": [
        5.551115123125786e-17,
        1.526556658859591e-16,
        -8.326672684688679e-17,
        1
      ],
      "translation": [
        0.0129604514320798,
        0.1239627676835715,
        0
      ],
      "name": "mixamorigRightHandThumb4",
      "extras": {
        "transformData": {
          "eulerOrder": "ZYX",
          "translation": [
            0.0129604514320798,
            0.1239627676835715,
            0
          ],
          "preRotation": [
            6.361109362927037e-15,
            1.749305074804935e-14,
            -9.541664044390555e-15
          ],
          "parentMatrixWorld": {
            "elements": [
              0.8696055485710281,
              0.39309394125094155,
              0.29876972520271217,
              0,
              -0.47967948886441736,
              0.5291926953462358,
              0.6999019208703983,
              0,
              0.11702043970466924,
              -0.7519523018297791,
              0.6487479997264507,
              0,
              -0.018714221489244842,
              0.22464653039889892,
              0,
              1
            ]
          }
        }
      }
    },
    {
      "rotation": [
        0.41583195328712463,
        -0.052055612206459045,
        0.24997487664222717,
        0.8728611469268799
      ],
      "translation": [
        -0.018714221489244842,
        0.22464653039889892,
        0
      ],
      "name": "mixamorigRightHandThumb3",
      "extras": {
        "transformData": {
          "eulerOrder": "ZYX",
          "translation": [
            -0.018714221489244842,
            0.22464653039889892,
            0
          ],
          "preRotation": [
            -21.477364765998804,
            -1.5902773407317584e-15,
            3.1805546814635168e-15
          ],
          "parentMatrixWorld": {
            "elements": [
              0.947546637536596,
              0.18072525865555944,
              -0.2636166784185461,
              0,
              0.04207402930844184,
              0.7470806406080324,
              0.6634005613857282,
              0,
              0.3168361537361202,
              -0.6396943877141866,
              0.7002899090090078,
              0,
              0.005753770057165042,
              0.23786249249675828,
              -8.326672684688674e-17,
              1
            ]
          }
        }
      },
      "children": [
        16
      ]
    },
    {
      "rotation": [
        0.3536156415939331,
        0.15751515328884125,
        0.03762522712349892,
        0.9212650656700134
      ],
      "translation": [
        0.005753770057165042,
        0.23786249249675828,
        -8.326672684688674e-17
      ],
      "name": "mixamorigRightHandThumb2",
      "extras": {
        "transformData": {
          "eulerOrder": "ZYX",
          "translation": [
            0.005753770057165042,
            0.23786249249675828,
            -8.326672684688674e-17
          ],
          "preRotation": [
            -20.62824144897257,
            -1.5902773407317584e-15,
            0
          ],
          "parentMatrixWorld": {
            "elements": [
              0.8926612485936825,
              -0.41169194903847917,
              0.18348195818151325,
              0,
              0.4501531334529058,
              0.8348667347153621,
              -0.3167959649911029,
              0,
              -0.02276063100519465,
              0.3653864612831352,
              0.9305776077840017,
              0,
              0.1794445242628071,
              0.23718236835318818,
              -1.4804452108663213e-10,
              1
            ]
          }
        }
      },
      "children": [
        17
      ]
    },
    {
      "rotation": [
        -0.17833739519119263,
        -0.0539163202047348,
        -0.22530514001846313,
        0.9563087224960327
      ],
      "translation": [
        0.1794445242628071,
        0.23718236835318818,
        -1.4804452108663213e-10
      ],
      "scale": [
        1,
        0.9999999999999999,
        0.9999999999999999
      ],
      "name": "mixamorigRightHandThumb1",
      "extras": {
        "transformData": {
          "eulerOrder": "ZYX",
          "translation": [
            0.1794445242628071,
            0.23718236835318818,
            -1.4804452108663213e-10
          ],
          "preRotation": [
            -0.000015848688811257908,
            1.5902773407317584e-15,
            -35.72423450924572
          ],
          "parentMatrixWorld": {
            "elements": [
              -0.9517564466685725,
              -0.27754824054771177,
              0.1308690379324409,
              0,
              -0.19370972707326223,
              0.8742032410022277,
              0.4452473910403522,
              0,
              -0.23798376532380397,
              0.3984164551821468,
              -0.8857923674267795,
              0,
              5.551115123125783e-17,
              0.63311505181859,
              -4.440892098500626e-16,
              1
            ]
          }
        }
      },
      "children": [
        18
      ]
    },
    {
      "translation": [
        0.018635303174712625,
        0.05582271204057454,
        1.1102230246251565e-16
      ],
      "name": "mixamorigRightHandIndex4",
      "extras": {
        "transformData": {
          "eulerOrder": "ZYX",
          "translation": [
            0.018635303174712625,
            0.05582271204057454,
            1.1102230246251565e-16
          ],
          "parentMatrixWorld": {
            "elements": [
              0.644342699002193,
              -0.751462804450636,
              0.14186662298498154,
              0,
              0.7585069498066552,
              0.6516313825515785,
              0.006614177038924529,
              0,
              -0.09741505163465158,
              0.10334502295748593,
              0.989863684511628,
              0,
              0.0948219247915012,
              0.13874431742511906,
              -2.220446049250313e-16,
              1
            ]
          }
        }
      }
    },
    {
      "rotation": [
        -0.026681603863835335,
        -0.06600189208984375,
        -0.41650018095970154,
        0.9063439965248108
      ],
      "translation": [
        0.0948219247915012,
        0.13874431742511906,
        -2.220446049250313e-16
      ],
      "name": "mixamorigRightHandIndex3",
      "extras": {
        "transformData": {
          "eulerOrder": "ZYX",
          "translation": [
            0.0948219247915012,
            0.13874431742511906,
            -2.220446049250313e-16
          ],
          "preRotation": [
            -16.17141666417011,
            -1.5902773407317588e-15,
            3.975693351829397e-15
          ],
          "parentMatrixWorld": {
            "elements": [
              0.7615279587219554,
              -0.6478853529161093,
              -0.017881489826922836,
              0,
              0.6462349862915282,
              0.7569005855684321,
              0.09737482411873088,
              0,
              -0.049553210738056075,
              -0.08570929562266816,
              0.9950871299327705,
              0,
              -0.11345722796621449,
              0.14564815020936894,
              0,
              1
            ]
          }
        }
      },
      "children": [
        20
      ]
    },
    {
      "rotation": [
        0.0488370843231678,
        -0.008448326960206032,
        -0.34520232677459717,
        0.9372187256813049
      ],
      "translation": [
        -0.11345722796621449,
        0.14564815020936894,
        0
      ],
      "name": "mixamorigRightHandIndex2",
      "extras": {
        "transformData": {
          "eulerOrder": "ZYX",
          "translation": [
            -0.11345722796621449,
            0.14564815020936894,
            0
          ],
          "preRotation": [
            62.58109363829113,
            -4.770832022195276e-15,
            2.385416011097638e-15
          ],
          "parentMatrixWorld": {
            "elements": [
              0.32356592574402,
              -0.9369952665696548,
              0.13170056159465737,
              0,
              0.8046694865255811,
              0.3457156336699398,
              0.4826880891524414,
              0,
              -0.49780737735889774,
              -0.05020601937058266,
              0.8658332320376013,
              0,
              0,
              0.41862951991401953,
              1.8415300118146405e-9,
              1
            ]
          }
        }
      },
      "children": [
        21
      ]
    },
    {
      "rotation": [
        0.16734474897384644,
        -0.1976843923330307,
        -0.5469350218772888,
        0.7961022257804871
      ],
      "translation": [
        0,
        0.41862951991401953,
        1.8415300118146405e-9
      ],
      "scale": [
        1,
        0.9999999999999999,
        0.9999999999999999
      ],
      "name": "mixamorigRightHandIndex1",
      "extras": {
        "transformData": {
          "eulerOrder": "ZYX",
          "translation": [
            0,
            0.41862951991401953,
            1.8415300118146405e-9
          ],
          "preRotation": [
            -40.450020753356995,
            1.5902773407317584e-15,
            59.78116438203736
          ],
          "parentMatrixWorld": {
            "elements": [
              -0.9517564466685725,
              -0.27754824054771177,
              0.1308690379324409,
              0,
              -0.19370972707326223,
              0.8742032410022277,
              0.4452473910403522,
              0,
              -0.23798376532380397,
              0.3984164551821468,
              -0.8857923674267795,
              0,
              5.551115123125783e-17,
              0.63311505181859,
              -4.440892098500626e-16,
              1
            ]
          }
        }
      },
      "children": [
        22
      ]
    },
    {
      "rotation": [
        0.12230359740823157,
        -0.9632953927920527,
        -0.21895252809659743,
        0.09572681599440325
      ],
      "translation": [
        5.551115123125783e-17,
        0.63311505181859,
        -4.440892098500626e-16
      ],
      "scale": [
        0.9999999999999999,
        0.9999999999999999,
        0.9999999999999999
      ],
      "name": "mixamorigRightHand",
      "extras": {
        "transformData": {
          "eulerOrder": "ZYX",
          "translation": [
            5.551115123125783e-17,
            0.63311505181859,
            -4.440892098500626e-16
          ],
          "preRotation": [
            -20.149177399458004,
            -70.40248854978931,
            14.202716364561075
          ],
          "parentMatrixWorld": {
            "elements": [
              0.7957730738256193,
              -0.569295536659527,
              0.2065134619698044,
              0,
              0.49448771048186446,
              0.8076914017253429,
              0.3211175900566679,
              0,
              -0.34960995726325717,
              -0.15341836396253064,
              0.9242487135597505,
              0,
              2.7755575615628914e-17,
              0.4484749170264284,
              0,
              1
            ]
          }
        }
      },
      "children": [
        19,
        23
      ]
    },
    {
      "rotation": [
        0.1263259262191711,
        -0.14804527545650764,
        -0.28318908789393193,
        0.9391103794400351
      ],
      "translation": [
        2.7755575615628914e-17,
        0.4484749170264284,
        0
      ],
      "scale": [
        1,
        1,
        0.9999999999999999
      ],
      "name": "mixamorigRightForeArm",
      "extras": {
        "transformData": {
          "eulerOrder": "ZYX",
          "translation": [
            2.7755575615628914e-17,
            0.4484749170264284,
            0
          ],
          "preRotation": [
            -10.657791390239339,
            0,
            -13.068134192245918
          ],
          "parentMatrixWorld": {
            "elements": [
              0.9420909618621397,
              0.12029107775988322,
              -0.3130410112665174,
              0,
              -0.16317623394986,
              0.9799275796664156,
              -0.11452272603715875,
              0,
              0.29298145811183807,
              0.15897167897587075,
              0.9428095613908621,
              0,
              0,
              0.7142235231135943,
              4.440892098500626e-16,
              1
            ]
          }
        }
      },
      "children": [
        24
      ]
    },
    {
      "rotation": [
        -0.06955900517701108,
        0.15413229416106627,
        0.07209545731581629,
        0.9829582967620494
      ],
      "translation": [
        0,
        0.7142235231135943,
        4.440892098500626e-16
      ],
      "scale": [
        1,
        0.9999999999999999,
        1
      ],
      "name": "mixamorigRightArm",
      "extras": {
        "transformData": {
          "eulerOrder": "ZYX",
          "translation": [
            0,
            0.7142235231135943,
            4.440892098500626e-16
          ],
          "preRotation": [
            -16.29816027186581,
            0,
            13.576208077078828
          ],
          "parentMatrixWorld": {
            "elements": [
              0.5058132989033051,
              -0.042490192416069605,
              -0.861595889685439,
              0,
              0.855759681452835,
              -0.10120661419789534,
              0.5073781230009884,
              0,
              -0.10875780971562415,
              -0.9939576327232007,
              -0.014830250189414862,
              0,
              0.3485266864299774,
              0.4532290971139581,
              0.005350263606733532,
              1
            ]
          }
        }
      },
      "children": [
        25
      ]
    },
    {
      "rotation": [
        0.6367594057590777,
        0.319300147622975,
        -0.3809734456314427,
        0.5894438865549438
      ],
      "translation": [
        0.3485266864299774,
        0.4532290971139581,
        0.005350263606733532
      ],
      "name": "mixamorigRightShoulder",
      "extras": {
        "transformData": {
          "eulerOrder": "ZYX",
          "translation": [
            0.3485266864299774,
            0.4532290971139581,
            0.005350263606733532
          ],
          "preRotation": [
            103.25465971785341,
            89.13437341081574,
            0.7088006994208443
          ],
          "parentMatrixWorld": {
            "elements": [
              0.9980333766807512,
              0.043027005026976047,
              0.045585697250281616,
              0,
              -0.04151196039451107,
              0.998570302708782,
              -0.0336765146232146,
              0,
              -0.046969523093068545,
              0.03171793390767471,
              0.9983926264286302,
              0,
              0,
              0.4753017480702706,
              0,
              1
            ]
          }
        }
      },
      "children": [
        26
      ]
    },
    {
      "rotation": [
        -0.01635884732598015,
        -0.023153291339464817,
        0.02114797294717114,
        0.9993743328576967
      ],
      "translation": [
        0,
        0.4753017480702706,
        0
      ],
      "name": "mixamorigSpine2",
      "extras": {
        "transformData": {
          "eulerOrder": "ZYX",
          "translation": [
            0,
            0.4753017480702706,
            0
          ],
          "preRotation": [
            0,
            1.0345092886055059e-32,
            -1.0826786273561998e-31
          ],
          "parentMatrixWorld": {
            "elements": [
              0.9979939169087568,
              0.03968230832721116,
              0.04933007487936769,
              0,
              -0.03811915224259868,
              0.9987531446215527,
              -0.03223486285905005,
              0,
              -0.05054772115620505,
              0.030289776444541942,
              0.9982622187523343,
              0,
              0,
              0.41588888049957773,
              -6.938893903907228e-18,
              1
            ]
          }
        }
      },
      "children": [
        3,
        15,
        27
      ]
    },
    {
      "rotation": [
        -0.015640920168501597,
        -0.024985040326470663,
        0.019462510257061354,
        0.9993759738878244
      ],
      "translation": [
        0,
        0.41588888049957773,
        -6.938893903907228e-18
      ],
      "name": "mixamorigSpine1",
      "extras": {
        "transformData": {
          "eulerOrder": "ZYX",
          "translation": [
            0,
            0.41588888049957773,
            -6.938893903907228e-18
          ],
          "preRotation": [
            -5.189065144832996e-7,
            -8.276074308844047e-33,
            1.1949655812150774e-16
          ],
          "parentMatrixWorld": {
            "elements": [
              0.979821034863829,
              0.038579359872133866,
              0.19611826257731715,
              0,
              -0.013673335160396538,
              0.9918346270777988,
              -0.12679555414449944,
              0,
              -0.19940857511672008,
              0.12155536037985168,
              0.972347939230046,
              0,
              4.85722573273506e-17,
              0.35636234283447266,
              0.009010612964630169,
              1
            ]
          }
        }
      },
      "children": [
        28
      ]
    },
    {
      "rotation": [
        -0.06252693130960484,
        -0.09958118921754715,
        0.013155581405038093,
        0.9929757838851498
      ],
      "translation": [
        4.85722573273506e-17,
        0.35636234283447266,
        0.009010612964630169
      ],
      "name": "mixamorigSpine",
      "extras": {
        "transformData": {
          "eulerOrder": "ZYX",
          "translation": [
            4.85722573273506e-17,
            0.35636234283447266,
            0.009010612964630169
          ],
          "preRotation": [
            1.4484140161621144,
            0,
            -7.650051204870805e-15
          ],
          "parentMatrixWorld": {
            "elements": [
              -0.8296625105633657,
              0.49540784141974964,
              0.257354174454655,
              0,
              -0.31908390040282103,
              -0.042543649164046515,
              -0.946771087484643,
              0,
              -0.45808903605427564,
              -0.8676180601237823,
              0.1933735473304249,
              0,
              -0.05077336837887004,
              0.3287209405595536,
              -1.8643275953664644,
              1
            ]
          }
        }
      },
      "children": [
        29
      ]
    },
    {
      "rotation": [
        -5.204170427930419e-17,
        -1.4452499662526494e-20,
        -2.7105054312137605e-20,
        1
      ],
      "translation": [
        0,
        0.44644239654351425,
        0
      ],
      "name": "mixamorigLeftToe_End",
      "extras": {
        "transformData": {
          "eulerOrder": "ZYX",
          "translation": [
            0,
            0.44644239654351425,
            0
          ],
          "preRotation": [
            -5.963540027744091e-15,
            -1.6561344681540297e-18,
            -3.106010431116715e-18
          ],
          "parentMatrixWorld": {
            "elements": [
              0.979033598292836,
              0.03322016676294977,
              0.20097172352479456,
              0,
              -0.12165791943003283,
              0.8866808537879609,
              0.44609013961977684,
              0,
              -0.16337859032394755,
              -0.4611870364031042,
              0.8721318432353586,
              0,
              -1.1102230246251565e-16,
              0.9760262274109796,
              0,
              1
            ]
          }
        }
      }
    },
    {
      "rotation": [
        0.23463849922248287,
        -0.09422766613336853,
        0.040054310487642304,
        0.9666755232296791
      ],
      "translation": [
        -1.1102230246251565e-16,
        0.9760262274109796,
        0
      ],
      "name": "mixamorigLeftToeBase",
      "extras": {
        "transformData": {
