{
  "asset": {
    "version": "2.0",
    "generator": "GLTFExporter"
  },
  "scenes": [
    {
      "name": "AuxScene",
      "nodes": [
        42
      ]
    }
  ],
  "scene": 0,
  "nodes": [
    {
      "name": "unamed",
      "extras": {
        "transformData": {
          "eulerOrder": "ZYX",
          "parentMatrixWorld": {
            "elements": [
              1,
              0,
              0,
              0,
              0,
              1,
              0,
              0,
              0,
              0,
              1,
              0,
              -0.05000019073486328,
              -2.049999713897705,
              0,
              1
            ]
          }
        }
      },
      "mesh": 0,
      "skin": 0
    },
    {
      "translation": [
        4.996003610813204e-16,
        5.596220970153807,
        -0.4249920174479477
      ],
      "name": "mixamorigHeadTop_End",
      "extras": {
        "transformData": {
          "eulerOrder": "ZYX",
          "translation": [
            4.996003610813204e-16,
            5.596220970153807,
            -0.4249920174479477
          ],
          "parentMatrixWorld": {
            "elements": [
              0.9899064541470761,
              -0.12643627699671334,
              0.06402406020752192,
              0,
              0.08014642530525132,
              0.8720093268461846,
              0.48288330818911174,
              0,
              -0.11688354433809657,
              -0.4728780040095767,
              0.8733410761319196,
              0,
              1.6653345369377348e-16,
              1.8493199348449707,
              -0.14044233411550497,
              1
            ]
          }
        }
      }
    },
    {
      "rotation": [
        0.24726304372518548,
        -0.04680223436757269,
        -0.05344458611182919,
        0.9663406405173777
      ],
      "translation": [
        1.6653345369377348e-16,
        1.8493199348449707,
        -0.14044233411550497
      ],
      "name": "mixamorigHead",
      "extras": {
        "transformData": {
          "eulerOrder": "ZYX",
          "translation": [
            1.6653345369377348e-16,
            1.8493199348449707,
            -0.14044233411550497
          ],
          "parentMatrixWorld": {
            "elements": [
              0.9998120505023507,
              0.010449650988887636,
              0.01632998641557659,
              0,
              -0.012071923541330184,
              0.9946463386877807,
              0.10263006072539506,
              0,
              -0.0151701128583394,
              -0.10280790580833966,
              0.9945855427986182,
              0,
              0,
              1.6400049790294826,
              -1.4762720726424483e-8,
              1
            ]
          }
        }
      },
      "children": [
        1
      ]
    },
    {
      "rotation": [
        0.05142997427559075,
        -0.007885832023507825,
        0.005638120442283009,
        0.9986295415630702
      ],
      "translation": [
        0,
        1.6400049790294826,
        -1.4762720726424483e-8
      ],
      "name": "mixamorigNeck",
      "extras": {
        "transformData": {
          "eulerOrder": "ZYX",
          "translation": [
            0,
            1.6400049790294826,
            -1.4762720726424483e-8
          ],
          "preRotation": [
            -3.261917782209893,
            4.796184954243689e-16,
            8.454380073086948e-15
          ],
          "parentMatrixWorld": {
            "elements": [
              0.9922180565947087,
              0.07181868616044657,
              -0.10171236153361947,
              0,
              -0.09159203270955724,
              0.9743616529811296,
              -0.2055000456310276,
              0,
              0.08434588143288226,
              0.2132168978491393,
              0.9733572451919426,
              0,
              0,
              1.4577827450535972,
              0,
              1
            ]
          }
        }
      },
      "children": [
        2
      ]
    },
    {
      "rotation": [
        -5.551115123125778e-17,
        -5.00741785540681e-33,
        9.020562075079399e-17,
        1
      ],
      "translation": [
        0.12257339949789081,
        0.4330433770634663,
        0
      ],
      "name": "mixamorigLeftHandThumb4",
      "extras": {
        "transformData": {
          "eulerOrder": "ZYX",
          "translation": [
            0.12257339949789081,
            0.4330433770634663,
            0
          ],
          "preRotation": [
            -6.361109362927028e-15,
            0,
            1.0336802714756432e-14
          ],
          "parentMatrixWorld": {
            "elements": [
              0.7255918237190768,
              0.6863402946715075,
              -0.04953315876577258,
              0,
              -0.6858118346112031,
              0.7153786647757227,
              -0.1337741496282801,
              0,
              -0.056379618784651475,
              0.13103585582496907,
              0.9897731781262432,
              0,
              -0.28698898586594,
              0.5945598629771212,
              8.881784197001252e-16,
              1
            ]
          }
        }
      }
    },
    {
      "rotation": [
        -0.07148423045873642,
        -0.001848170068114996,
        0.3704060912132263,
        0.9261133670806885
      ],
      "translation": [
        -0.28698898586594,
        0.5945598629771212,
        8.881784197001252e-16
      ],
      "name": "mixamorigLeftHandThumb3",
      "extras": {
        "transformData": {
          "eulerOrder": "ZYX",
          "translation": [
            -0.28698898586594,
            0.5945598629771212,
            8.881784197001252e-16
          ],
          "preRotation": [
            -11.009995979985227,
            -3.1805546814635168e-15,
            1.1927080055488188e-15
          ],
          "parentMatrixWorld": {
            "elements": [
              0.54115985991591,
              -0.8213130228229759,
              0.1805296959165591,
              0,
              0.8242145645979391,
              0.47546409707086035,
              -0.3075781154711381,
              0,
              0.16678250529048,
              0.3152441342095569,
              0.9342401931232698,
              0,
              0.1644155863680492,
              0.2815689098872012,
              0,
              1
            ]
          }
        }
      },
      "children": [
        4
      ]
    },
    {
      "rotation": [
        -0.18128401041030884,
        -0.004001375753432512,
        -0.47896143794059753,
        0.8589040040969849
      ],
      "translation": [
        0.1644155863680492,
        0.2815689098872012,
        0
      ],
      "name": "mixamorigLeftHandThumb2",
      "extras": {
        "transformData": {
          "eulerOrder": "ZYX",
          "translation": [
            0.1644155863680492,
            0.2815689098872012,
            0
          ],
          "preRotation": [
            -3.9624024287225095,
            3.1805546814635168e-15,
            0
          ],
          "parentMatrixWorld": {
            "elements": [
              0.9444405882583266,
              -0.049145921996628594,
              -0.3249871588897011,
              0,
              0.2429662288727732,
              0.7702895331102962,
              0.5895943064125713,
              0,
              0.2213580509478743,
              -0.6357976980753226,
              0.7394334991470792,
              0,
              -0.3465470973625058,
              0.21452349807035898,
              9.3747267726485e-9,
              1
            ]
          }
        }
      },
      "children": [
        5
      ]
    },
    {
      "rotation": [
        0.32966557145118713,
        0.14698252081871033,
        -0.07858654111623764,
        0.929269015789032
      ],
      "translation": [
        -0.3465470973625058,
        0.21452349807035898,
        9.3747267726485e-9
      ],
      "name": "mixamorigLeftHandThumb1",
      "extras": {
        "transformData": {
          "eulerOrder": "ZYX",
          "translation": [
            -0.3465470973625058,
            0.21452349807035898,
            9.3747267726485e-9
          ],
          "preRotation": [
            0.000014169874484358161,
            -3.1805546814635176e-15,
            88.52297556690486
          ],
          "parentMatrixWorld": {
            "elements": [
              0.3384494624540546,
              -0.2719960102735901,
              -0.900816364424198,
              0,
              0.37532498175050644,
              0.9168862889501906,
              -0.1358333171023416,
              0,
              0.8628922934487029,
              -0.2921261754042119,
              0.41240657032825967,
              0,
              2.220446049250313e-16,
              2.2381608457592694,
              -4.440892098500626e-16,
              1
            ]
          }
        }
      },
      "children": [
        6
      ]
    },
    {
      "rotation": [
        -1.0592614694129807e-33,
        2.7755575615628926e-17,
        3.8163916471489775e-17,
        1
      ],
      "translation": [
        0.008958971110072156,
        0.14047175793814048,
        2.220446049250313e-16
      ],
      "name": "mixamorigLeftHandIndex4",
      "extras": {
        "transformData": {
          "eulerOrder": "ZYX",
          "translation": [
            0.008958971110072156,
            0.14047175793814048,
            2.220446049250313e-16
          ],
          "preRotation": [
            0,
            3.1805546814635183e-15,
            4.3732626870123375e-15
          ],
          "parentMatrixWorld": {
            "elements": [
              0.9977079659440319,
              0.06592158524422634,
              -0.015269555697961963,
              0,
              -0.06617313171304316,
              0.9976700712629498,
              -0.01659956585699922,
              0,
              0.014139709035662714,
              0.017571953398550062,
              0.999745615187504,
              0,
              -0.047795217197636575,
              0.44655488719034864,
              0,
              1
            ]
          }
        }
      }
    },
    {
      "rotation": [
        -0.008548091798434094,
        0.007356801808765034,
        0.03304382688386145,
        0.9993902750848175
      ],
      "translation": [
        -0.047795217197636575,
        0.44655488719034864,
        0
      ],
      "scale": [
        1,
        0.9999999999999999,
        0.9999999999999999
      ],
      "name": "mixamorigLeftHandIndex3",
      "extras": {
        "transformData": {
          "eulerOrder": "ZYX",
          "translation": [
            -0.047795217197636575,
            0.44655488719034864,
            0
          ],
          "preRotation": [
            -38.85084551550476,
            7.95138670365879e-16,
            -3.180554681463516e-15
          ],
          "parentMatrixWorld": {
            "elements": [
              0.9278071707364146,
              -0.37235375990938896,
              0.02294631789824214,
              0,
              0.37291496284896397,
              0.9274058010985627,
              -0.029204668760067005,
              0,
              -0.010406080294801355,
              0.03565332628760699,
              0.9993100388956057,
              0,
              0.03883624608756531,
              0.5840455822998889,
              2.220446049250313e-16,
              1
            ]
          }
        }
      },
      "children": [
        8
      ]
    },
    {
      "rotation": [
        -0.016517647700611166,
        -0.008493990030346302,
        -0.18980059737829352,
        0.9816469666754397
      ],
      "translation": [
        0.03883624608756531,
        0.5840455822998889,
        2.220446049250313e-16
      ],
      "scale": [
        1,
        0.9999999999999999,
        0.9999999999999999
      ],
      "name": "mixamorigLeftHandIndex2",
      "extras": {
        "transformData": {
          "eulerOrder": "ZYX",
          "translation": [
            0.03883624608756531,
            0.5840455822998889,
            2.220446049250313e-16
          ],
          "preRotation": [
            44.18461676665438,
            1.5902773407317584e-15,
            -2.981770013872047e-16
          ],
          "parentMatrixWorld": {
            "elements": [
              0.9992608008868622,
              -0.029882926279187566,
              -0.0241839315946599,
              0,
              0.029518545053299122,
              0.9994473374649722,
              -0.015286436688954979,
              0,
              0.024627369496535722,
              0.01456126250370208,
              0.9995906473735848,
              0,
              0,
              0.9702686579831514,
              -2.81104473032201e-9,
              1
            ]
          }
        }
      },
      "children": [
        9
      ]
    },
    {
      "rotation": [
        -0.007463512047037305,
        0.012205420973129056,
        -0.014853526700336891,
        0.9997873321751158
      ],
      "translation": [
        0,
        0.9702686579831514,
        -2.81104473032201e-9
      ],
      "name": "mixamorigLeftHandIndex1",
      "extras": {
        "transformData": {
          "eulerOrder": "ZYX",
          "translation": [
            0,
            0.9702686579831514,
            -2.81104473032201e-9
          ],
          "preRotation": [
            -23.844669566616897,
            3.975693351829397e-15,
            -10.250119406502487
          ],
          "parentMatrixWorld": {
            "elements": [
              0.3384494624540546,
              -0.2719960102735901,
              -0.900816364424198,
              0,
              0.37532498175050644,
              0.9168862889501906,
              -0.1358333171023416,
              0,
              0.8628922934487029,
              -0.2921261754042119,
              0.41240657032825967,
              0,
              2.220446049250313e-16,
              2.2381608457592694,
              -4.440892098500626e-16,
              1
            ]
          }
        }
      },
      "children": [
        10
      ]
    },
    {
      "rotation": [
        0.047845070737757914,
        0.5399144043660709,
        -0.19816080523404125,
        0.8166612353784681
      ],
      "translation": [
        2.220446049250313e-16,
        2.2381608457592694,
        -4.440892098500626e-16
      ],
      "name": "mixamorigLeftHand",
      "extras": {
        "transformData": {
          "eulerOrder": "ZYX",
          "translation": [
            2.220446049250313e-16,
            2.2381608457592694,
            -4.440892098500626e-16
          ],
          "preRotation": [
            -46.00151005320393,
            66.63427680228037,
            -78.99987853198542
          ],
          "parentMatrixWorld": {
            "elements": [
              0.8453504776595965,
              -0.5337299427781239,
              -0.022691984716494303,
              0,
              0.5337509893457181,
              0.8420939207044307,
              0.07738034842654458,
              0,
              -0.022191425388653964,
              -0.0775253837927092,
              0.9967433750353707,
              0,
              0,
              2.907829518308075,
              0,
              1
            ]
          }
        }
      },
      "children": [
        7,
        11
      ]
    },
    {
      "rotation": [
        0.04035214343685821,
        0.00013039312042424357,
        -0.2780732712215179,
        0.9597119200225726
      ],
      "translation": [
        0,
        2.907829518308075,
        0
      ],
      "scale": [
        0.9999999999999999,
        1,
        1
      ],
      "name": "mixamorigLeftForeArm",
      "extras": {
        "transformData": {
          "eulerOrder": "ZYX",
          "translation": [
            0,
            2.907829518308075,
            0
          ],
          "preRotation": [
            4.986092882475251,
            1.5902773407317588e-15,
            0.3576673161517923
          ],
          "parentMatrixWorld": {
            "elements": [
              -0.8747429873405088,
              -0.48118482441469906,
              -0.05732294978692984,
              0,
              -0.47449131470726563,
              0.8264841877541662,
              0.30295525125268385,
              0,
              -0.09840095572020761,
              0.29220721542631595,
              -0.9512792686255017,
              0,
              0,
              1.127456036656692,
              8.881784197001252e-16,
              1
            ]
          }
        }
      },
      "children": [
        12
      ]
    },
    {
      "rotation": [
        -0.2500260454086867,
        0.955576585591152,
        0.15570768362611465,
        -0.010746916195070209
      ],
      "translation": [
        0,
        1.127456036656692,
        8.881784197001252e-16
      ],
      "scale": [
        1,
        1,
        0.9999999999999999
      ],
      "name": "mixamorigLeftArm",
      "extras": {
        "transformData": {
          "eulerOrder": "ZYX",
          "translation": [
            0,
            1.127456036656692,
            8.881784197001252e-16
          ],
          "preRotation": [
            -146.22220439621674,
            -11.476416283986403,
            -180
          ],
          "parentMatrixWorld": {
            "elements": [
              0.13128630560116916,
              0.0576312475864868,
              0.9896679036024876,
              0,
              -0.773006617458794,
              -0.6190736459168997,
              0.13859515389313637,
              0,
              0.6206647158363616,
              -0.7832154790473521,
              -0.03672656793493001,
              0,
              -0.7750972509384155,
              1.41785731764032,
              0.07120130715569516,
              1
            ]
          }
        }
      },
      "children": [
        13
      ]
    },
    {
      "rotation": [
        0.6684097769057913,
        -0.26756616771224134,
        0.6022999195543697,
        0.3447775095420293
      ],
      "translation": [
        -0.7750972509384155,
        1.41785731764032,
        0.07120130715569516
      ],
      "name": "mixamorigLeftShoulder",
      "extras": {
        "transformData": {
          "eulerOrder": "ZYX",
          "translation": [
            -0.7750972509384155,
            1.41785731764032,
            0.07120130715569516
          ],
          "preRotation": [
            109.62703874860208,
            -81.91760175546808,
            10.587434617785997
          ],
          "parentMatrixWorld": {
            "elements": [
              0.9922180565947087,
              0.07181868616044657,
              -0.10171236153361947,
              0,
              -0.09159203270955724,
              0.9743616529811296,
              -0.2055000456310276,
              0,
              0.08434588143288226,
              0.2132168978491393,
              0.9733572451919426,
              0,
              0,
              1.4577827450535972,
              0,
              1
            ]
          }
        }
      },
      "children": [
        14
      ]
    },
    {
      "rotation": [
        -6.938893903907222e-18,
        -2.7755575615628898e-17,
        -6.9388939039072245e-18,
        1
      ],
      "translation": [
        -0.14815417599453884,
        0.41848699858455873,
        2.220446049250313e-16
      ],
      "name": "mixamorigRightHandThumb4",
      "extras": {
        "transformData": {
          "eulerOrder": "ZYX",
          "translation": [
            -0.14815417599453884,
            0.41848699858455873,
            2.220446049250313e-16
          ],
          "preRotation": [
            -7.951386703658785e-16,
            -3.1805546814635148e-15,
            -7.951386703658787e-16
          ],
          "parentMatrixWorld": {
            "elements": [
              0.6396043500296407,
              -0.7679920636484238,
              0.03308290815317749,
              0,
              0.7685445568357895,
              0.6380016323624502,
              -0.04788731079707281,
              0,
              0.015670124342708536,
              0.05605462113270482,
              0.9983047263811379,
              0,
              0.2807669729613007,
              0.5186610536774161,
              -4.440892098500626e-16,
              1
            ]
          }
        }
      }
    },
    {
      "rotation": [
        -0.028714070096611977,
        -0.004810300190001726,
        -0.42446988821029663,
        0.9049738645553589
      ],
      "translation": [
        0.2807669729613007,
        0.5186610536774161,
        -4.440892098500626e-16
      ],
      "name": "mixamorigRightHandThumb3",
      "extras": {
        "transformData": {
          "eulerOrder": "ZYX",
          "translation": [
            0.2807669729613007,
            0.5186610536774161,
            -4.440892098500626e-16
          ],
          "preRotation": [
            -9.648605991881492,
            3.1805546814635168e-15,
            -4.969616689786745e-16
          ],
          "parentMatrixWorld": {
            "elements": [
              0.6008076477726826,
              0.7883848836392716,
              -0.1322099131179506,
              0,
              -0.7919964528207785,
              0.5646033875500134,
              -0.2323029280740741,
              0,
              -0.1084979474315908,
              0.2442791577715468,
              0.9636160490020179,
              0,
              -0.13261279696676098,
              0.32660686984936405,
              0,
              1
            ]
          }
        }
      },
      "children": [
        16
      ]
    },
    {
      "rotation": [
        -0.13471099734306335,
        0.006702439393848181,
        0.44671159982681274,
        0.8844528198242188
      ],
      "translation": [
        -0.13261279696676098,
        0.32660686984936405,
        0
      ],
      "name": "mixamorigRightHandThumb2",
      "extras": {
        "transformData": {
          "eulerOrder": "ZYX",
          "translation": [
            -0.13261279696676098,
            0.32660686984936405,
            0
          ],
          "preRotation": [
            -1.9477288895732305,
            0,
            -1.7890620083232284e-15
          ],
          "parentMatrixWorld": {
            "elements": [
              0.9783552508548538,
              -0.09285700509735784,
              0.18492857990712802,
              0,
              -0.007761875070044999,
              0.8765706449448412,
              0.4812106164241401,
              0,
              -0.2067867412517417,
              -0.4722303258667883,
              0.8568767487568886,
              0,
              0.3870062547269679,
              0.21066434990372418,
              1.7506813332346383e-8,
              1
            ]
          }
        }
      },
      "children": [
        17
      ]
    },
    {
      "rotation": [
        0.24744082987308502,
        -0.10165953636169434,
        -0.022084230557084084,
        0.963301956653595
      ],
      "translation": [
        0.3870062547269679,
        0.21066434990372418,
        1.7506813332346383e-8
      ],
      "scale": [
        1,
        1,
        0.9999999999999999
      ],
      "name": "mixamorigRightHandThumb1",
      "extras": {
        "transformData": {
          "eulerOrder": "ZYX",
          "translation": [
            0.3870062547269679,
            0.21066434990372418,
            1.7506813332346383e-8
          ],
          "preRotation": [
            -0.000002364615263789872,
            -3.1805546814635168e-15,
            -83.53734050989108
          ],
          "parentMatrixWorld": {
            "elements": [
              0.003040138943195214,
              0.39549513823853866,
              0.9184630260778573,
              0,
              0.11825239682258296,
              0.9118806781694265,
              -0.393052156083343,
              0,
              -0.9929789047548442,
              0.10980538413816274,
              -0.04399600359503553,
              0,
              -2.220446049250313e-16,
              2.2381946544228564,
              0,
              1
            ]
          }
        }
      },
      "children": [
        18
      ]
    },
    {
      "rotation": [
        -8.326672684688668e-17,
        -2.7755575615628877e-17,
        -9.020562075079387e-17,
        1
      ],
      "translation": [
        -0.015046161861485885,
        0.14722855132212143,
        4.440892098500626e-16
      ],
      "name": "mixamorigRightHandIndex4",
      "extras": {
        "transformData": {
          "eulerOrder": "ZYX",
          "translation": [
            -0.015046161861485885,
            0.14722855132212143,
            4.440892098500626e-16
          ],
          "preRotation": [
            -9.541664044390542e-15,
            -3.1805546814635132e-15,
            -1.0336802714756418e-14
          ],
          "parentMatrixWorld": {
            "elements": [
              0.9996766493547224,
              -0.025233590648635333,
              0.0031404792080825944,
              0,
              0.025347805540117792,
              0.9987013896271093,
              -0.04419301978573523,
              0,
              -0.002021252329539633,
              0.04425833420339173,
              0.9990180750651193,
              0,
              0.060809500794790416,
              0.4676844228590671,
              0,
              1
            ]
          }
        }
      }
    },
    {
      "rotation": [
        -0.02212003991007805,
        -0.0012908531352877617,
        -0.012649467214941978,
        0.9996744394302368
      ],
      "translation": [
        0.060809500794790416,
        0.4676844228590671,
        0
      ],
      "name": "mixamorigRightHandIndex3",
      "extras": {
        "transformData": {
          "eulerOrder": "ZYX",
          "translation": [
            0.060809500794790416,
            0.4676844228590671,
            0
          ],
          "preRotation": [
            -13.133504064454444,
            1.590277340731758e-15,
            2.385416011097637e-15
          ],
          "parentMatrixWorld": {
            "elements": [
              0.8158708740560828,
              0.5772474634535604,
              -0.033765398253059686,
              0,
              -0.5779154340740286,
              0.8120912043736057,
              -0.08075671210709418,
              0,
              -0.019196021509268135,
              0.08540059383723003,
              0.9961617598227254,
              0,
              -0.04576333893330453,
              0.5974365369669217,
              -4.440892098500626e-16,
              1
            ]
          }
        }
      },
      "children": [
        20
      ]
    },
    {
      "rotation": [
        -0.043640319257974625,
        0.0038265681359916925,
        0.3033972978591919,
        0.9518566131591797
      ],
      "translation": [
        -0.04576333893330453,
        0.5974365369669217,
        -4.440892098500626e-16
      ],
      "name": "mixamorigRightHandIndex2",
      "extras": {
        "transformData": {
          "eulerOrder": "ZYX",
          "translation": [
            -0.04576333893330453,
            0.5974365369669217,
            -4.440892098500626e-16
          ],
          "preRotation": [
            11.77497714165408,
            0,
            -1.5902773407317584e-15
          ],
          "parentMatrixWorld": {
            "elements": [
              0.9331225373800394,
              0.35916737126817483,
              -0.016766921295996225,
              0,
              -0.3591547448701384,
              0.9288513529507366,
              -0.0907911524260592,
              0,
              -0.01703524202067124,
              0.09074118986378349,
              0.9957287969077735,
              0,
              0,
              0.9595365029331546,
              3.0627603120336744e-8,
              1
            ]
          }
        }
      },
      "children": [
        21
      ]
    },
    {
      "rotation": [
        -0.04621251865438978,
        -0.00006830615601602086,
        0.1828625895153226,
        0.98205176635941
      ],
      "translation": [
        0,
        0.9595365029331546,
        3.0627603120336744e-8
      ],
      "name": "mixamorigRightHandIndex1",
      "extras": {
        "transformData": {
          "eulerOrder": "ZYX",
          "translation": [
            0,
            0.9595365029331546,
            3.0627603120336744e-8
          ],
          "preRotation": [
            3.370759482274268,
            1.590277340731758e-15,
            11.11812649273077
          ],
          "parentMatrixWorld": {
            "elements": [
              0.003040138943195214,
              0.39549513823853866,
              0.9184630260778573,
              0,
              0.11825239682258296,
              0.9118806781694265,
              -0.393052156083343,
              0,
              -0.9929789047548442,
              0.10980538413816274,
              -0.04399600359503553,
              0,
              -2.220446049250313e-16,
              2.2381946544228564,
              0,
              1
            ]
          }
        }
      },
      "children": [
        22
      ]
    },
    {
      "rotation": [
        -0.18381748037714213,
        -0.6987196402744928,
        0.10134492993280769,
        0.6839087599147025
      ],
      "translation": [
        -2.220446049250313e-16,
        2.2381946544228564,
        0
      ],
      "name": "mixamorigRightHand",
      "extras": {
        "transformData": {
          "eulerOrder": "ZYX",
          "translation": [
            -2.220446049250313e-16,
            2.2381946544228564,
            0
          ],
          "preRotation": [
            -109.97305161922058,
            -58.051674214457286,
            131.83997783273017
          ],
          "parentMatrixWorld": {
            "elements": [
              0.9688594114770565,
              0.24715686602471196,
              -0.014997430307719335,
              0,
              -0.24741556547597437,
              0.9639066536111036,
              -0.09833361276777222,
              0,
              -0.009847705275655094,
              0.0989820439099987,
              0.9950404903584281,
              0,
              0,
              2.9364250157394975,
              4.440892098500626e-16,
              1
            ]
          }
        }
      },
      "children": [
        19,
        23
      ]
    },
    {
      "rotation": [
        -0.04978018558504172,
        0.0012992089534320927,
        0.12477422136630234,
        0.9909347180952537
      ],
      "translation": [
        0,
        2.9364250157394975,
        4.440892098500626e-16
      ],
      "scale": [
        0.9999999999999999,
        1,
        0.9999999999999999
      ],
      "name": "mixamorigRightForeArm",
      "extras": {
        "transformData": {
          "eulerOrder": "ZYX",
          "translation": [
            0,
            2.9364250157394975,
            4.440892098500626e-16
          ],
          "preRotation": [
            2.10042729195482,
            3.1805546814635176e-15,
            8.182011774907714
          ],
          "parentMatrixWorld": {
            "elements": [
              -0.7759338321700475,
              0.40019325968145686,
              0.48761877467889786,
              0,
              0.5282058540915961,
              0.8347726047201203,
              0.15541324451339517,
              0,
              -0.3448554627915688,
              0.37815348176678604,
              -0.8591127293131018,
              0,
              -5.551115123125783e-17,
              1.1274560365582387,
              -8.881784197001252e-16,
              1
            ]
          }
        }
      },
      "children": [
        24
      ]
    },
    {
      "rotation": [
        -0.2492018721954823,
        -0.9313725310265584,
        -0.14322054508416848,
        0.22345361542736125
      ],
      "translation": [
        -5.551115123125783e-17,
        1.1274560365582387,
        -8.881784197001252e-16
      ],
      "name": "mixamorigRightArm",
      "extras": {
        "transformData": {
          "eulerOrder": "ZYX",
          "translation": [
            -5.551115123125783e-17,
            1.1274560365582387,
            -8.881784197001252e-16
          ],
          "preRotation": [
            -143.64598463509577,
            -21.474568178285637,
            180
          ],
          "parentMatrixWorld": {
            "elements": [
              -0.2857272900981931,
              -0.0018088163172310656,
              -0.9583092537874502,
              0,
              0.7062548074949889,
              -0.6763121663165669,
              -0.20929877481181064,
              0,
              -0.6477376356221282,
              -0.7366128959168713,
              0.19451834284265887,
              0,
              0.7750972509384155,
              1.411206148357497,
              -0.04550062921821811,
              1
            ]
          }
        }
      },
      "children": [
        25
      ]
    },
    {
      "rotation": [
        -0.546824133834571,
        -0.32206240891284066,
        0.7342611591350552,
        -0.24108030739577208
      ],
      "translation": [
        0.7750972509384155,
        1.411206148357497,
        -0.04550062921821811
      ],
      "scale": [
        1,
        0.9999999999999998,
        0.9999999999999999
      ],
      "name": "mixamorigRightShoulder",
      "extras": {
        "transformData": {
          "eulerOrder": "ZYX",
          "translation": [
            0.7750972509384155,
            1.411206148357497,
            -0.04550062921821811
          ],
          "preRotation": [
            -67.45114749792329,
            85.367515702225,
            171.63446938202617
          ],
          "parentMatrixWorld": {
            "elements": [
              0.9922180565947087,
              0.07181868616044657,
              -0.10171236153361947,
              0,
              -0.09159203270955724,
              0.9743616529811296,
              -0.2055000456310276,
              0,
              0.08434588143288226,
              0.2132168978491393,
              0.9733572451919426,
              0,
              0,
              1.4577827450535972,
              0,
              1
            ]
          }
        }
      },
      "children": [
        26
      ]
    },
    {
      "rotation": [
        -0.1054741181779168,
        0.046867769294255686,
        0.04116289474789192,
        0.9924637217015245
      ],
      "translation": [
        0,
        1.4577827450535972,
        0
      ],
      "name": "mixamorigSpine2",
      "extras": {
        "transformData": {
          "eulerOrder": "ZYX",
          "translation": [
            0,
            1.4577827450535972,
            0
          ],
          "preRotation": [
            3.975693351829395e-16,
            -3.724233438979821e-32,
            -9.198511757850623e-32
          ],
          "parentMatrixWorld": {
            "elements": [
              0.9922783764261539,
              0.0717920505626021,
              -0.10114111690325499,
              0,
              -0.09146952048394802,
              0.9743081723802932,
              -0.20580795248065423,
              0,
              0.08376724225410385,
              0.213470110221219,
              0.9733517157033451,
              0,
              0,
              1.2755593211194451,
              1.3877787807814457e-17,
              1
            ]
          }
        }
      },
      "children": [
        3,
        15,
        27
      ]
    },
    {
      "rotation": [
        -0.10561544435180346,
        0.0465781071180285,
        0.04112531731457526,
        0.9924638988055201
      ],
      "translation": [
        0,
        1.2755593211194451,
        1.3877787807814457e-17
      ],
      "name": "mixamorigSpine1",
      "extras": {
        "transformData": {
          "eulerOrder": "ZYX",
          "translation": [
            0,
            1.2755593211194451,
            1.3877787807814457e-17
          ],
          "preRotation": [
            -5.134075618547855e-9,
            4.8966772993993946e-32,
            -3.8956444985057016e-17
          ],
          "parentMatrixWorld": {
            "elements": [
              0.998371567978318,
              0.036614278480090544,
              -0.043744792233506156,
              0,
              -0.038693780594816575,
              0.9981131125828681,
              -0.04767605074332955,
              0,
              0.04191662652755394,
              0.04929106493658578,
              0.9979044980943489,
              0,
              1.5959455978986625e-16,
              1.0915653705596924,
              0.062211349606514116,
              1
            ]
          }
        }
      },
      "children": [
        28
      ]
    },
    {
      "rotation": [
        -0.02425879892482829,
        0.021430390279933764,
        0.018840233100752755,
        0.9992983987005211
      ],
      "translation": [
        1.5959455978986625e-16,
        1.0915653705596924,
        0.062211349606514116
      ],
      "name": "mixamorigSpine",
      "extras": {
        "transformData": {
          "eulerOrder": "ZYX",
          "translation": [
            1.5959455978986625e-16,
            1.0915653705596924,
            0.062211349606514116
          ],
          "preRotation": [
            3.2619177873439673,
            0,
            -8.429079946327009e-15
          ],
          "parentMatrixWorld": {
            "elements": [
              -0.9810791232915126,
              -0.06331327770371768,
              -0.18296226845060204,
              0,
              -0.09700322482457098,
              0.9785926659189739,
              0.18151244772781636,
              0,
              0.1675533860708639,
              0.19582600229009797,
              -0.9662184269328604,
              0,
              0.33535993955655846,
              5.937892124615653,
              -0.16189511123415137,
              1
            ]
          }
        }
      },
      "children": [
        29
      ]
    },
    {
      "rotation": [
        -9.395628264123608e-17,
        2.7013025816100156e-18,
        2.5380434885725133e-34,
        1
      ],
      "translation": [
        0,
        1.334062814712524,
        1.7763568394002505e-15
      ],
      "name": "mixamorigLeftToe_End",
      "extras": {
        "transformData": {
          "eulerOrder": "ZYX",
          "translation": [
            0,
            1.334062814712524,
            1.7763568394002505e-15
          ],
          "preRotation": [
            -1.0766596908162213e-14,
            3.0954647422809503e-16,
            0
          ],
          "parentMatrixWorld": {
            "elements": [
              0.9824503704744757,
              0.000013703801817636918,
              0.1865241787986292,
              0,
              -0.11720095137757236,
              0.7779826864276064,
              0.6172575438770348,
              0,
              -0.14510412282388502,
              -0.6282857138986399,
              0.764330984612165,
              0,
              2.220446049250313e-16,
              2.886924513521625,
              0,
              1
            ]
          }
        }
      }
    },
    {
      "rotation": [
        0.33171399557250536,
        -0.08831949295167753,
        0.031216693090728134,
