{
  "asset": {
    "version": "2.0",
    "generator": "GLTFExporter"
  },
  "scenes": [
    {
      "name": "AuxScene",
      "nodes": [
        42
      ]
    }
  ],
  "scene": 0,
  "nodes": [
    {
      "name": "unamed",
      "extras": {
        "transformData": {
          "eulerOrder": "ZYX",
          "parentMatrixWorld": {
            "elements": [
              1,
              0,
              0,
              0,
              0,
              1,
              0,
              0,
              0,
              0,
              1,
              0,
              -0.05000007152557373,
              -2.050000011920929,
              0.09999999403953552,
              1
            ]
          }
        }
      },
      "mesh": 0,
      "skin": 0
    },
    {
      "translation": [
        9.71445146547012e-17,
        1.8654077053070064,
        -0.2980923950672147
      ],
      "name": "mixamorigHeadTop_End",
      "extras": {
        "transformData": {
          "eulerOrder": "ZYX",
          "translation": [
            9.71445146547012e-17,
            1.8654077053070064,
            -0.2980923950672147
          ],
          "parentMatrixWorld": {
            "elements": [
              1,
              1.1982796668824683e-28,
              0,
              0,
              -1.1982796668824683e-28,
              1,
              0,
              0,
              0,
              0,
              1,
              0,
              2.7755575615628914e-17,
              0.5654594898223877,
              -0.0903604924678802,
              1
            ]
          }
        }
      }
    },
    {
      "rotation": [
        0,
        0,
        5.991398334412342e-29,
        1
      ],
      "translation": [
        2.7755575615628914e-17,
        0.5654594898223877,
        -0.0903604924678802
      ],
      "name": "mixamorigHead",
      "extras": {
        "transformData": {
          "eulerOrder": "ZYX",
          "translation": [
            2.7755575615628914e-17,
            0.5654594898223877,
            -0.0903604924678802
          ],
          "parentMatrixWorld": {
            "elements": [
              1,
              4.624171347139612e-13,
              1.999370584267304e-14,
              0,
              -4.549277838058475e-13,
              0.9899257718964679,
              -0.1415873068591189,
              0,
              -8.526468361457218e-14,
              0.1415873068591189,
              0.9899257718964679,
              0,
              0,
              0.5252726273972144,
              1.6098385069440724e-8,
              1
            ]
          }
        }
      },
      "children": [
        1
      ]
    },
    {
      "rotation": [
        -0.07097262889146805,
        -2.6381124051239567e-14,
        2.299160211174933e-13,
        0.9974782466888428
      ],
      "translation": [
        0,
        0.5252726273972144,
        1.6098385069440724e-8
      ],
      "name": "mixamorigNeck",
      "extras": {
        "transformData": {
          "eulerOrder": "ZYX",
          "translation": [
            0,
            0.5252726273972144,
            1.6098385069440724e-8
          ],
          "preRotation": [
            -8.139708498231936,
            1.531041854607783e-15,
            1.0217902282955578e-14
          ],
          "parentMatrixWorld": {
            "elements": [
              1,
              -2.8648207922760133e-33,
              -1.3481509610710651e-33,
              0,
              2.8648207922760133e-33,
              1,
              2.7755575615628914e-17,
              0,
              1.3481509610710651e-33,
              -2.7755575615628914e-17,
              1,
              0,
              0,
              0.46690914534908723,
              0,
              1
            ]
          }
        }
      },
      "children": [
        2
      ]
    },
    {
      "rotation": [
        -4.85722573273506e-17,
        -3.469446951953611e-18,
        -7.437626903250563e-17,
        1
      ],
      "translation": [
        -0.027483761116421687,
        0.1602979041421837,
        0
      ],
      "name": "mixamorigLeftHandThumb4",
      "extras": {
        "transformData": {
          "eulerOrder": "ZYX",
          "translation": [
            -0.027483761116421687,
            0.1602979041421837,
            0
          ],
          "preRotation": [
            -5.565970692561154e-15,
            -3.975693351829397e-16,
            -8.52289262298427e-15
          ],
          "parentMatrixWorld": {
            "elements": [
              0.9308945011213654,
              0.34844956735149296,
              0.10962810750458835,
              0,
              -0.35244235661316864,
              0.9356445358048836,
              0.018806471666566682,
              0,
              -0.09601983236517492,
              -0.056144430927267064,
              0.9937947445191372,
              0,
              -0.0911222587853989,
              0.15576704278826803,
              1.1102230246251565e-16,
              1
            ]
          }
        }
      }
    },
    {
      "rotation": [
        0.01907367818057537,
        -0.052333761006593704,
        0.1783645898103714,
        0.982386589050293
      ],
      "translation": [
        -0.0911222587853989,
        0.15576704278826803,
        1.1102230246251565e-16
      ],
      "name": "mixamorigLeftHandThumb3",
      "extras": {
        "transformData": {
          "eulerOrder": "ZYX",
          "translation": [
            -0.0911222587853989,
            0.15576704278826803,
            1.1102230246251565e-16
          ],
          "preRotation": [
            18.21356385714904,
            7.951386703658794e-16,
            -3.0811623476677826e-15
          ],
          "parentMatrixWorld": {
            "elements": [
              0.36352725671913233,
              -0.9312697915491647,
              0.024176201926163224,
              0,
              0.9313246299868232,
              0.36391563688626233,
              0.014135861885817473,
              0,
              -0.021962399038040075,
              0.017377121721488333,
              0.9996077674051472,
              0,
              0.1186060199018205,
              0.14987594849813224,
              0,
              1
            ]
          }
        }
      },
      "children": [
        4
      ]
    },
    {
      "rotation": [
        -0.000981380115263164,
        -0.0139697240665555,
        -0.5639514327049255,
        0.8256891965866089
      ],
      "translation": [
        0.1186060199018205,
        0.14987594849813224,
        0
      ],
      "scale": [
        1,
        0.9999999999999999,
        0.9999999999999999
      ],
      "name": "mixamorigLeftHandThumb2",
      "extras": {
        "transformData": {
          "eulerOrder": "ZYX",
          "translation": [
            0.1186060199018205,
            0.14987594849813224,
            0
          ],
          "preRotation": [
            -18.746932617284962,
            7.95138670365879e-16,
            -8.249563705045995e-15
          ],
          "parentMatrixWorld": {
            "elements": [
              0.954040307568762,
              0.22506493314711573,
              0.19787084066118688,
              0,
              -0.29610251507200136,
              0.8096509432960453,
              0.5067431890282412,
              0,
              -0.04615619443277019,
              -0.5420434806599568,
              0.8390819259349214,
              0,
              -0.1169148473660071,
              0.2075189735340237,
              -0.01858161449340645,
              1
            ]
          }
        }
      },
      "children": [
        5
      ]
    },
    {
      "rotation": [
        0.2762731611728668,
        -0.06428201496601105,
        0.13728681206703186,
        0.949048638343811
      ],
      "translation": [
        -0.1169148473660071,
        0.2075189735340237,
        -0.01858161449340645
      ],
      "name": "mixamorigLeftHandThumb1",
      "extras": {
        "transformData": {
          "eulerOrder": "ZYX",
          "translation": [
            -0.1169148473660071,
            0.2075189735340237,
            -0.01858161449340645
          ],
          "preRotation": [
            -5.692189951180682,
            -3.975693351829396e-16,
            67.89129206399062
          ],
          "parentMatrixWorld": {
            "elements": [
              0.31859696697509315,
              -2.2662298285260917e-7,
              0.9478902633040567,
              0,
              -0.0000012326306508207274,
              0.9999999999990269,
              6.533829607720574e-7,
              0,
              -0.9478902633032825,
              -0.0000013765644330771356,
              0.3185969669745038,
              0,
              0,
              0.5107371250868789,
              -4.440892098500626e-16,
              1
            ]
          }
        }
      },
      "children": [
        6
      ]
    },
    {
      "rotation": [
        2.775557561562892e-17,
        1.734723475976807e-17,
        -6.938893903907228e-18,
        1
      ],
      "translation": [
        -0.010410655830630056,
        0.032166104139028595,
        -2.220446049250313e-16
      ],
      "name": "mixamorigLeftHandIndex4",
      "extras": {
        "transformData": {
          "eulerOrder": "ZYX",
          "translation": [
            -0.010410655830630056,
            0.032166104139028595,
            -2.220446049250313e-16
          ],
          "preRotation": [
            3.1805546814635176e-15,
            1.987846675914698e-15,
            -7.951386703658792e-16
          ],
          "parentMatrixWorld": {
            "elements": [
              0.9255726688034168,
              -0.3524477214153124,
              -0.13818769140670262,
              0,
              0.34968065848027113,
              0.9358052365426242,
              -0.044631782611415094,
              0,
              0.1450471353455962,
              -0.0070116049106450085,
              0.9893999018955509,
              0,
              0.003164010030103359,
              0.06618255967560827,
              0,
              1
            ]
          }
        }
      }
    },
    {
      "rotation": [
        -0.009585540741682053,
        0.07216762751340866,
        -0.178900808095932,
        0.9811699390411377
      ],
      "translation": [
        0.003164010030103359,
        0.06618255967560827,
        0
      ],
      "name": "mixamorigLeftHandIndex3",
      "extras": {
        "transformData": {
          "eulerOrder": "ZYX",
          "translation": [
            0.003164010030103359,
            0.06618255967560827,
            0
          ],
          "preRotation": [
            -57.21549090517942,
            -7.951386703658792e-16,
            -5.466578358765419e-16
          ],
          "parentMatrixWorld": {
            "elements": [
              0.9998737754667885,
              -0.014771554777809707,
              -0.005851007849193308,
              0,
              0.014773459761408722,
              0.9998908265781433,
              0.00028249349209318736,
              0,
              0.005846196206354331,
              -0.00036889746706222915,
              0.9999828428043973,
              0,
              0.007246645800527141,
              0.11396198117550638,
              1.1102230246251565e-16,
              1
            ]
          }
        }
      },
      "children": [
        8
      ]
    },
    {
      "rotation": [
        0.00016285288438666612,
        0.0029243933968245983,
        -0.007386486977338791,
        0.999968409538269
      ],
      "translation": [
        0.007246645800527141,
        0.11396198117550638,
        1.1102230246251565e-16
      ],
      "name": "mixamorigLeftHandIndex2",
      "extras": {
        "transformData": {
          "eulerOrder": "ZYX",
          "translation": [
            0.007246645800527141,
            0.11396198117550638,
            1.1102230246251565e-16
          ],
          "preRotation": [
            6.024584557149517,
            -7.951386703658792e-16,
            -2.3854160110976376e-15
          ],
          "parentMatrixWorld": {
            "elements": [
              0.9979983269793324,
              0.0630314519570058,
              -0.0051356895131145705,
              0,
              -0.06303061641936288,
              0.9980115409958801,
              0.00032454528121248627,
              0,
              0.005145933965626271,
              -1.8996351337785542e-7,
              0.9999867595937948,
              0,
              0,
              0.6541490197585091,
              9.280369694941726e-9,
              1
            ]
          }
        }
      },
      "children": [
        9
      ]
    },
    {
      "rotation": [
        0.00008122446888592094,
        0.002571693155914545,
        0.03153130039572716,
        0.9994994401931763
      ],
      "translation": [
        0,
        0.6541490197585091,
        9.280369694941726e-9
      ],
      "scale": [
        1,
        0.9999999999999999,
        0.9999999999999999
      ],
      "name": "mixamorigLeftHandIndex1",
      "extras": {
        "transformData": {
          "eulerOrder": "ZYX",
          "translation": [
            0,
            0.6541490197585091,
            9.280369694941726e-9
          ],
          "preRotation": [
            -0.523977135931153,
            -7.951386703658792e-16,
            -60.55984549430301
          ],
          "parentMatrixWorld": {
            "elements": [
              0.31859696697509315,
              -2.2662298285260917e-7,
              0.9478902633040567,
              0,
              -0.0000012326306508207274,
              0.9999999999990269,
              6.533829607720574e-7,
              0,
              -0.9478902633032825,
              -0.0000013765644330771356,
              0.3185969669745038,
              0,
              0,
              0.5107371250868789,
              -4.440892098500626e-16,
              1
            ]
          }
        }
      },
      "children": [
        10
      ]
    },
    {
      "rotation": [
        6.250053843359638e-7,
        -0.5836964249610901,
        3.0974211995271617e-7,
        0.8119719624519348
      ],
      "translation": [
        0,
        0.5107371250868789,
        -4.440892098500626e-16
      ],
      "scale": [
        0.9999999999999999,
        1,
        1
      ],
      "name": "mixamorigLeftHand",
      "extras": {
        "transformData": {
          "eulerOrder": "ZYX",
          "translation": [
            0,
            0.5107371250868789,
            -4.440892098500626e-16
          ],
          "preRotation": [
            36.98874773860182,
            -67.03015862233799,
            -35.797775183893414
          ],
          "parentMatrixWorld": {
            "elements": [
              0.9999999871844426,
              -5.112488809176612e-7,
              -0.00016009638765732655,
              0,
              5.111316211182965e-7,
              0.9999999999996011,
              -7.324734309421346e-7,
              0,
              0.0001600963880317389,
              7.323915912294452e-7,
              0.999999987184305,
              0,
              0,
              0.45552658195862405,
              0,
              1
            ]
          }
        }
      },
      "children": [
        7,
        11
      ]
    },
    {
      "rotation": [
        -3.6621625554289494e-7,
        0.00008004819392226636,
        -2.5559512550898944e-7,
        1
      ],
      "translation": [
        0,
        0.45552658195862405,
        0
      ],
      "name": "mixamorigLeftForeArm",
      "extras": {
        "transformData": {
          "eulerOrder": "ZYX",
          "translation": [
            0,
            0.45552658195862405,
            0
          ],
          "preRotation": [
            -2.5093420744051738,
            0,
            -0.4190292822898093
          ],
          "parentMatrixWorld": {
            "elements": [
              0.9998812145508588,
              0.015409167397595753,
              0.0003381337680139068,
              0,
              -0.015288561370860026,
              0.9943585321606918,
              -0.10496365440997357,
              0,
              -0.001953628813681288,
              0.10494601667524017,
              0.9944760008511636,
              0,
              0,
              0.6557633377076687,
              -4.440892098500626e-16,
              1
            ]
          }
        }
      },
      "children": [
        12
      ]
    },
    {
      "rotation": [
        -0.052551597356796265,
        -0.0005737505271099508,
        0.007685280404984951,
        0.9985884428024292
      ],
      "translation": [
        0,
        0.6557633377076687,
        -4.440892098500626e-16
      ],
      "name": "mixamorigLeftArm",
      "extras": {
        "transformData": {
          "eulerOrder": "ZYX",
          "translation": [
            0,
            0.6557633377076687,
            -4.440892098500626e-16
          ],
          "preRotation": [
            -4.196218430120635,
            1.5902773407317588e-15,
            1.123915460399857
          ],
          "parentMatrixWorld": {
            "elements": [
              0.015288635593172728,
              -0.00004991244732011069,
              0.9998831113449,
              0,
              -0.9943585465630527,
              -0.10497643950687063,
              0.015198912935542097,
              0,
              0.10496342087138544,
              -0.99447469730816,
              -0.0016545670240830646,
              0,
              -0.3231008052825928,
              0.4904030294367172,
              0.005047835062192918,
              1
            ]
          }
        }
      },
      "children": [
        13
      ]
    },
    {
      "rotation": [
        0.5296035408973694,
        -0.4694117307662964,
        0.5215441584587097,
        0.4766176640987396
      ],
      "translation": [
        -0.3231008052825928,
        0.4904030294367172,
        0.005047835062192918
      ],
      "name": "mixamorigLeftShoulder",
      "extras": {
        "transformData": {
          "eulerOrder": "ZYX",
          "translation": [
            -0.3231008052825928,
            0.4904030294367172,
            0.005047835062192918
          ],
          "preRotation": [
            96.21008248873062,
            -89.10638400471035,
            -0.061228338211443765
          ],
          "parentMatrixWorld": {
            "elements": [
              1,
              -2.8648207922760133e-33,
              -1.3481509610710651e-33,
              0,
              2.8648207922760133e-33,
              1,
              2.7755575615628914e-17,
              0,
              1.3481509610710651e-33,
              -2.7755575615628914e-17,
              1,
              0,
              0,
              0.46690914534908723,
              0,
              1
            ]
          }
        }
      },
      "children": [
        14
      ]
    },
    {
      "rotation": [
        -1.318389841742373e-16,
        -6.938893903907245e-18,
        1.144917494144693e-16,
        1
      ],
      "translation": [
        0.02469993924438274,
        0.1701865588785525,
        5.551115123125783e-17
      ],
      "name": "mixamorigRightHandThumb4",
      "extras": {
        "transformData": {
          "eulerOrder": "ZYX",
          "translation": [
            0.02469993924438274,
            0.1701865588785525,
            5.551115123125783e-17
          ],
          "preRotation": [
            -1.5107634736951698e-14,
            -7.951386703658794e-16,
            1.311978806103701e-14
          ],
          "parentMatrixWorld": {
            "elements": [
              0.8945934655232008,
              -0.44674563510818993,
              -0.010993731853217448,
              0,
              0.44678775811010146,
              0.8946385568000514,
              0.001595329958589825,
              0,
              0.009122709642967741,
              -0.00633903671761929,
              0.9999382944853514,
              0,
              0.09765350977693363,
              0.14058488775489453,
              5.551115123125783e-17,
              1
            ]
          }
        }
      }
    },
    {
      "rotation": [
        0.002038028324022889,
        0.005167126655578613,
        -0.2295137643814087,
        0.9732895493507385
      ],
      "translation": [
        0.09765350977693363,
        0.14058488775489453,
        5.551115123125783e-17
      ],
      "name": "mixamorigRightHandThumb3",
      "extras": {
        "transformData": {
          "eulerOrder": "ZYX",
          "translation": [
            0.09765350977693363,
            0.14058488775489453,
            5.551115123125783e-17
          ],
          "preRotation": [
            1.6882931153408152,
            7.951386703658792e-16,
            3.1805546814635168e-15
          ],
          "parentMatrixWorld": {
            "elements": [
              0.28721368864443,
              0.9578663901259804,
              -0.0005030389782262454,
              0,
              -0.9578664023138455,
              0.2872138758530968,
              0.0003495163915098408,
              0,
              0.0004792697784888769,
              0.00038145825587629915,
              0.9999998123950186,
              0,
              -0.12235344902131673,
              0.15384859276174945,
              0,
              1
            ]
          }
        }
      },
      "children": [
        16
      ]
    },
    {
      "rotation": [
        -0.000009953823791875038,
        0.000306110130622983,
        0.5969866514205933,
        0.8022511005401611
      ],
      "translation": [
        -0.12235344902131673,
        0.15384859276174945,
        0
      ],
      "scale": [
        1,
        0.9999999999999999,
        0.9999999999999999
      ],
      "name": "mixamorigRightHandThumb2",
      "extras": {
        "transformData": {
          "eulerOrder": "ZYX",
          "translation": [
            -0.12235344902131673,
            0.15384859276174945,
            0
          ],
          "preRotation": [
            -0.8675016935388633,
            -7.951386703658792e-16,
            -6.3611093629270335e-15
          ],
          "parentMatrixWorld": {
            "elements": [
              0.9922149325242958,
              -0.11773327446043869,
              0.040600530701736526,
              0,
              0.08856435845809328,
              0.8962605727624667,
              0.4345955950414563,
              0,
              -0.0875550193840764,
              -0.4276164787556183,
              0.8997100961309944,
              0,
              0.11262604300009516,
              0.2171896680769716,
              0.022773574186030376,
              1
            ]
          }
        }
      },
      "children": [
        17
      ]
    },
    {
      "rotation": [
        0.2214973270893097,
        -0.032922424376010895,
        -0.052996676415205,
        0.9731630682945251
      ],
      "translation": [
        0.11262604300009516,
        0.2171896680769716,
        0.022773574186030376
      ],
      "scale": [
        1,
        0.9999999999999999,
        1
      ],
      "name": "mixamorigRightHandThumb1",
      "extras": {
        "transformData": {
          "eulerOrder": "ZYX",
          "translation": [
            0.11262604300009516,
            0.2171896680769716,
            0.022773574186030376
          ],
          "preRotation": [
            6.8009750620509,
            -3.1805546814635168e-15,
            -66.10147785103072
          ],
          "parentMatrixWorld": {
            "elements": [
              -0.12040667667252758,
              4.772608118899232e-7,
              -0.9927246217996311,
              0,
              -0.0000019080914163588533,
              0.9999999999979259,
              7.12189240904037e-7,
              0,
              0.9927246217979119,
              0.0000019799617383868747,
              -0.12040667667136716,
              0,
              0,
              0.5107314016933866,
              0,
              1
            ]
          }
        }
      },
      "children": [
        18
      ]
    },
    {
      "rotation": [
        -5.551115123125784e-17,
        -1.3877787807814454e-17,
        4.857225732735058e-17,
        1
      ],
      "translation": [
        0.01317264077711311,
        0.0213250775161542,
        5.551115123125783e-17
      ],
      "name": "mixamorigRightHandIndex4",
      "extras": {
        "transformData": {
          "eulerOrder": "ZYX",
          "translation": [
            0.01317264077711311,
            0.0213250775161542,
            5.551115123125783e-17
          ],
          "preRotation": [
            -6.361109362927035e-15,
            -1.5902773407317576e-15,
            5.565970692561152e-15
          ],
          "parentMatrixWorld": {
            "elements": [
              0.7729380528303691,
              0.6312437307658987,
              0.06401650274465026,
              0,
              -0.6300700086652037,
              0.7755242320964258,
              -0.0396729561662219,
              0,
              -0.07468965413988797,
              -0.009670141627023508,
              0.9971599389503317,
              0,
              -0.011188526291711298,
              0.0864903605993168,
              5.551115123125783e-17,
              1
            ]
          }
        }
      }
    },
    {
      "rotation": [
        -0.007966834120452404,
        -0.036831509321928024,
        0.33492448925971985,
        0.9414911270141602
      ],
      "translation": [
        -0.011188526291711298,
        0.0864903605993168,
        5.551115123125783e-17
      ],
      "scale": [
        1,
        0.9999999999999999,
        0.9999999999999999
      ],
      "name": "mixamorigRightHandIndex3",
      "extras": {
        "transformData": {
          "eulerOrder": "ZYX",
          "translation": [
            -0.011188526291711298,
            0.0864903605993168,
            5.551115123125783e-17
          ],
          "preRotation": [
            -19.07994056193709,
            7.951386703658792e-16,
            2.0126947593636317e-15
          ],
          "parentMatrixWorld": {
            "elements": [
              0.9935733183883397,
              -0.11285037712975124,
              0.008766605408976147,
              0,
              0.11284474953621357,
              0.9936119831560323,
              0.0011355319348760537,
              0,
              -0.008838749393041934,
              -0.00013896884116248315,
              0.9999609278351029,
              0,
              -0.001984114485402255,
              0.12760362017078442,
              5.551115123125783e-17,
              1
            ]
          }
        }
      },
      "children": [
        20
      ]
    },
    {
      "rotation": [
        0.00031913837301544845,
        -0.0044084275141358376,
        -0.05651465803384781,
        0.9983919858932495
      ],
      "translation": [
        -0.001984114485402255,
        0.12760362017078442,
        5.551115123125783e-17
      ],
      "name": "mixamorigRightHandIndex2",
      "extras": {
        "transformData": {
          "eulerOrder": "ZYX",
          "translation": [
            -0.001984114485402255,
            0.12760362017078442,
            5.551115123125783e-17
          ],
          "preRotation": [
            6.99962793090758,
            0,
            3.776908684237927e-15
          ],
          "parentMatrixWorld": {
            "elements": [
              0.9816078324407025,
              -0.015672912338330576,
              0.19026409058470067,
              0,
              0.015386555083814138,
              0.9998771723696287,
              0.002982298412552167,
              0,
              -0.19028746219822507,
              6.134418949199638e-8,
              0.9817284159987189,
              0,
              -4.440892098500626e-16,
              0.6287227236181123,
              1.4507964385401806e-8,
              1
            ]
          }
        }
      },
      "children": [
        21
      ]
    },
    {
      "rotation": [
        0.0007490114076063037,
        -0.0955784022808075,
        -0.007800820283591747,
        0.9953910708427429
      ],
      "translation": [
        -4.440892098500626e-16,
        0.6287227236181123,
        1.4507964385401806e-8
      ],
      "scale": [
        1,
        0.9999999999999999,
        1
      ],
      "name": "mixamorigRightHandIndex1",
      "extras": {
        "transformData": {
          "eulerOrder": "ZYX",
          "translation": [
            -4.440892098500626e-16,
            0.6287227236181123,
            1.4507964385401806e-8
          ],
          "preRotation": [
            -19.142290242530404,
            -3.1805546814635168e-15,
            59.77415730890776
          ],
          "parentMatrixWorld": {
            "elements": [
              -0.12040667667252758,
              4.772608118899232e-7,
              -0.9927246217996311,
              0,
              -0.0000019080914163588533,
              0.9999999999979259,
              7.12189240904037e-7,
              0,
              0.9927246217979119,
              0.0000019799617383868747,
              -0.12040667667136716,
              0,
              0,
              0.5107314016933866,
              0,
              1
            ]
          }
        }
      },
      "children": [
        22
      ]
    },
    {
      "rotation": [
        -4.7792019586268e-7,
        0.7484673261642456,
        8.992212769953767e-7,
        0.663171648979187
      ],
      "translation": [
        0,
        0.5107314016933866,
        0
      ],
      "scale": [
        1,
        0.9999999999999999,
        0.9999999999999999
      ],
      "name": "mixamorigRightHand",
      "extras": {
        "transformData": {
          "eulerOrder": "ZYX",
          "translation": [
            0,
            0.5107314016933866,
            0
          ],
          "preRotation": [
            120.64061435047459,
            76.69016406441801,
            121.73601836505169
          ],
          "parentMatrixWorld": {
            "elements": [
              0.9999999994800765,
              -5.407819085483724e-8,
              -0.00003224661486255683,
              0,
              5.40757997973894e-8,
              0.9999999999999958,
              -7.414997120505265e-8,
              0,
              0.000032246614866566586,
              7.414822740501134e-8,
              0.9999999994800751,
              0,
              5.551115123125783e-17,
              0.4555153673198744,
              0,
              1
            ]
          }
        }
      },
      "children": [
        19,
        23
      ]
    },
    {
      "rotation": [
        -3.7074549652516e-8,
        0.000016123307432280853,
        -2.703849766305666e-8,
        1
      ],
      "translation": [
        5.551115123125783e-17,
        0.4555153673198744,
        0
      ],
      "name": "mixamorigRightForeArm",
      "extras": {
        "transformData": {
          "eulerOrder": "ZYX",
          "translation": [
            5.551115123125783e-17,
            0.4555153673198744,
            0
          ],
          "preRotation": [
            -2.4360026036636038,
            1.5902773407317584e-15,
            -0.08650139142700423
          ],
          "parentMatrixWorld": {
            "elements": [
              0.9998872464811175,
              -0.015016413118208631,
              -0.00004080070084014342,
              0,
              0.014929060692842094,
              0.994356167807215,
              -0.105037778213388,
              0,
              0.0016178610766485605,
              0.10502532571831777,
              0.9944682315898877,
              0,
              0,
              0.6557632779243528,
              -4.440892098500626e-16,
              1
            ]
          }
        }
      },
      "children": [
        24
      ]
    },
    {
      "rotation": [
        -0.052590034902095795,
        0.00041525179403834045,
        -0.007496954407542944,
        0.998587965965271
      ],
      "translation": [
        0,
        0.6557632779243528,
        -4.440892098500626e-16
      ],
      "scale": [
        1,
        0.9999999999999999,
        0.9999999999999999
      ],
      "name": "mixamorigRightArm",
      "extras": {
        "transformData": {
          "eulerOrder": "ZYX",
          "translation": [
            0,
            0.6557632779243528,
            -4.440892098500626e-16
          ],
          "preRotation": [
            -4.228429763686755,
            -1.5902773407317584e-15,
            -0.9009363212955669
          ],
          "parentMatrixWorld": {
            "elements": [
              0.014927936505925388,
              0.0000467211594212813,
              -0.9998885540305213,
              0,
              0.9943563338449479,
              -0.10504858482147483,
              0.01484041694384075,
              0,
              -0.1050362033136576,
              -0.9944670705708489,
              -0.001614597273745133,
              0,
              0.3231008052825928,
              0.49038607917820265,
              0.004929325179059918,
              1
            ]
          }
        }
      },
      "children": [
        25
      ]
    },
    {
      "rotation": [
        0.5295259952545166,
        0.46947792172431946,
        -0.5216574668884277,
        0.476514607667923
      ],
      "translation": [
        0.3231008052825928,
        0.49038607917820265,
        0.004929325179059918
      ],
      "name": "mixamorigRightShoulder",
      "extras": {
        "transformData": {
          "eulerOrder": "ZYX",
          "translation": [
            0.3231008052825928,
            0.49038607917820265,
            0.004929325179059918
          ],
          "preRotation": [
            96.20686444845563,
            89.12721777156743,
            0.05504306568785192
          ],
          "parentMatrixWorld": {
            "elements": [
              1,
              -2.8648207922760133e-33,
              -1.3481509610710651e-33,
              0,
              2.8648207922760133e-33,
              1,
              2.7755575615628914e-17,
              0,
              1.3481509610710651e-33,
              -2.7755575615628914e-17,
              1,
              0,
              0,
              0.46690914534908723,
              0,
              1
            ]
          }
        }
      },
      "children": [
        26
      ]
    },
    {
      "rotation": [
        1.3877787807814457e-17,
        6.7407548053553255e-34,
        -1.4324103961380067e-33,
        1
      ],
      "translation": [
        0,
        0.46690914534908723,
        0
      ],
      "name": "mixamorigSpine2",
      "extras": {
        "transformData": {
          "eulerOrder": "ZYX",
          "translation": [
            0,
            0.46690914534908723,
            0
          ],
          "preRotation": [
            0,
            7.724336021587778e-32,
            -1.6414214045874028e-31
          ],
          "parentMatrixWorld": {
            "elements": [
              1,
              1.33843445636572e-12,
              -2.775654921764081e-13,
              0,
              -1.3384344698084161e-12,
              0.9999999999999987,
              -4.843072431981454e-8,
              0,
              2.775654273550576e-13,
              4.843072431981454e-8,
              0.9999999999999987,
              0,
              0,
              0.4085453458967674,
              -2.7755575615628914e-17,
              1
            ]
          }
        }
      },
      "children": [
        3,
        15,
        27
      ]
    },
    {
      "rotation": [
        -2.4215362159907272e-8,
        1.3878272988286644e-13,
        6.692172315435341e-13,
        1
      ],
      "translation": [
        0,
        0.4085453458967674,
        -2.7755575615628914e-17
      ],
      "scale": [
        1,
        0.9999999999999999,
        0.9999999999999999
      ],
      "name": "mixamorigSpine1",
      "extras": {
        "transformData": {
          "eulerOrder": "ZYX",
          "translation": [
            0,
            0.4085453458967674,
            -2.7755575615628914e-17
          ],
          "preRotation": [
            -0.000002774876005280051,
            2.3173008064763334e-31,
            4.865709443830757e-16
          ],
          "parentMatrixWorld": {
            "elements": [
              0.9999999806350269,
              0.0001963762793434603,
              0.000012895808039189892,
              0,
              -0.0001962236959244066,
              0.9899245595526266,
              0.14159564772085298,
              0,
              0.000015040149983640211,
              -0.1415956475093202,
              0.9899245789164444,
              0,
              6.245004513516506e-17,
              0.3466540575027466,
              0.049581311643123654,
              1
            ]
          }
        }
      },
      "children": [
        28
      ]
    },
    {
      "rotation": [
        0.07097683101892471,
        5.37440939751832e-7,
        0.00009839815902523696,
        0.9974779486656189
      ],
      "translation": [
        6.245004513516506e-17,
        0.3466540575027466,
        0.049581311643123654
      ],
      "name": "mixamorigSpine",
      "extras": {
        "transformData": {
          "eulerOrder": "ZYX",
          "translation": [
            6.245004513516506e-17,
            0.3466540575027466,
            0.049581311643123654
          ],
          "preRotation": [
            8.139711273107944,
            0,
            -1.0813410015495243e-14
          ],
          "parentMatrixWorld": {
            "elements": [
              -1.0000000000349671,
              -0.00019637638914307289,
              0.000012894128463723666,
              0,
              -0.00019637628130706318,
              0.9999999806832005,
              0.000008363920757141451,
              0,
              -0.000012895770691191808,
              0.000008361388494200517,
              -1.0000000192818326,
              0,
              -0.00004605734284268692,
              2.7308261394500732,
              0.0164736807346344,
              1
            ]
          }
        }
      },
      "children": [
        29
      ]
    },
    {
      "rotation": [
        -5.551115123125784e-17,
        3.1225022567582534e-17,
        1.733336949948513e-33,
        1
      ],
      "translation": [
        -2.7755575615628914e-17,
        0.4204136635394299,
        0
      ],
      "name": "mixamorigLeftToe_End",
      "extras": {
        "transformData": {
          "eulerOrder": "ZYX",
          "translation": [
            -2.7755575615628914e-17,
            0.4204136635394299,
            0
          ],
          "preRotation": [
            -6.361109362927035e-15,
            3.578124016646457e-15,
            0
          ],
          "parentMatrixWorld": {
            "elements": [
              0.8794942647504896,
              2.0779855436359185e-7,
              -0.4759094764904246,
              0,
              0.2727538183729541,
              0.8194703900904042,
              0.504057161101578,
              0,
              0.38999382607473,
              -0.5731215116314912,
              0.7207194523029261,
              0,
              0,
              0.7988923533274319,
              1.1102230246251565e-16,
              1
