{
  "asset": {
    "version": "2.0",
    "generator": "GLTFExporter"
  },
  "scenes": [
    {
      "name": "AuxScene",
      "nodes": [
        42
      ]
    }
  ],
  "scene": 0,
  "nodes": [
    {
      "name": "unamed",
      "extras": {
        "transformData": {
          "eulerOrder": "ZYX",
          "parentMatrixWorld": {
            "elements": [
              1,
              0,
              0,
              0,
              0,
              1,
              0,
              0,
              0,
              0,
              1,
              0,
              -0.05000007152557373,
              -2.0000001192092896,
              0,
              1
            ]
          }
        }
      },
      "mesh": 0,
      "skin": 0
    },
    {
      "translation": [
        6.938893903907228e-17,
        1.7572429180145268,
        -0.3352755606174467
      ],
      "name": "mixamorigHeadTop_End",
      "extras": {
        "transformData": {
          "eulerOrder": "ZYX",
          "translation": [
            6.938893903907228e-17,
            1.7572429180145268,
            -0.3352755606174467
          ],
          "parentMatrixWorld": {
            "elements": [
              0.9078130607346859,
              0.09309606131734346,
              -0.40891144651713196,
              0,
              -0.055132621486132294,
              0.9930800157222242,
              0.10369414879214509,
              0,
              0.41573530253468094,
              -0.07159054276130394,
              0.9066636385074667,
              0,
              1.3877787807814457e-17,
              0.3743398189544678,
              -0.07142266631126398,
              1
            ]
          }
        }
      }
    },
    {
      "rotation": [
        0.04491493767388281,
        0.2113074279811713,
        0.037982107796160576,
        0.9756480840859196
      ],
      "translation": [
        1.3877787807814457e-17,
        0.3743398189544678,
        -0.07142266631126398
      ],
      "name": "mixamorigHead",
      "extras": {
        "transformData": {
          "eulerOrder": "ZYX",
          "translation": [
            1.3877787807814457e-17,
            0.3743398189544678,
            -0.07142266631126398
          ],
          "parentMatrixWorld": {
            "elements": [
              0.9825125211218186,
              -0.02361924378934436,
              -0.18469238652102662,
              0,
              0.0015773266237808622,
              0.992941973571419,
              -0.1185906798757938,
              0,
              0.18618984493450408,
              0.11622550768011561,
              0.9756151770411995,
              0,
              6.938893903907228e-18,
              0.5883826411968633,
              2.864939291358226e-8,
              1
            ]
          }
        }
      },
      "children": [
        1
      ]
    },
    {
      "rotation": [
        -0.05906642555039185,
        0.0932929196246973,
        -0.006338027058197217,
        0.9938648960380152
      ],
      "translation": [
        6.938893903907228e-18,
        0.5883826411968633,
        2.864939291358226e-8
      ],
      "scale": [
        1,
        0.9999999999999999,
        0.9999999999999999
      ],
      "name": "mixamorigNeck",
      "extras": {
        "transformData": {
          "eulerOrder": "ZYX",
          "translation": [
            6.938893903907228e-18,
            0.5883826411968633,
            2.864939291358226e-8
          ],
          "preRotation": [
            -5.345007825644847,
            8.94084079837106e-16,
            9.12192299310203e-15
          ],
          "parentMatrixWorld": {
            "elements": [
              0.9935490136243185,
              0.05719118888895046,
              -0.0979261226116126,
              0,
              -0.04406897463859037,
              0.9903656529591292,
              0.1312775646788602,
              0,
              0.10449058833492839,
              -0.12611519110391672,
              0.9864971746676102,
              0,
              0,
              0.5230072678538242,
              0,
              1
            ]
          }
        }
      },
      "children": [
        2
      ]
    },
    {
      "rotation": [
        -5.551115123125784e-17,
        -1.3877787807814463e-17,
        2.7755575615628926e-17,
        1
      ],
      "translation": [
        -0.04147421088282632,
        0.13627141043998503,
        2.220446049250313e-16
      ],
      "name": "mixamorigLeftHandThumb4",
      "extras": {
        "transformData": {
          "eulerOrder": "ZYX",
          "translation": [
            -0.04147421088282632,
            0.13627141043998503,
            2.220446049250313e-16
          ],
          "preRotation": [
            -6.361109362927035e-15,
            -1.5902773407317592e-15,
            3.1805546814635183e-15
          ],
          "parentMatrixWorld": {
            "elements": [
              0.9560031365045533,
              -0.2788313739954801,
              -0.0911650583790149,
              0,
              0.28990921632782873,
              0.9454917216319985,
              0.14831739821593348,
              0,
              0.04484026406747294,
              -0.16822148852376823,
              0.9847288365419219,
              0,
              0.015942030842001742,
              0.28854809382596835,
              2.220446049250313e-16,
              1
            ]
          }
        }
      }
    },
    {
      "rotation": [
        0.08028477179800816,
        0.03449546559159382,
        -0.14425149774384502,
        0.9856753642399807
      ],
      "translation": [
        0.015942030842001742,
        0.28854809382596835,
        2.220446049250313e-16
      ],
      "name": "mixamorigLeftHandThumb3",
      "extras": {
        "transformData": {
          "eulerOrder": "ZYX",
          "translation": [
            0.015942030842001742,
            0.28854809382596835,
            2.220446049250313e-16
          ],
          "preRotation": [
            -19.928139031110266,
            0,
            -3.975693351829396e-15
          ],
          "parentMatrixWorld": {
            "elements": [
              0.9770495213112035,
              0.050825281721156135,
              0.20685991267957782,
              0,
              -0.07329183317373222,
              0.9920362079582361,
              0.1024327546783148,
              0,
              -0.20000634971388098,
              -0.11524301618284351,
              0.9729935801923396,
              0,
              0.02553218004082458,
              0.24073343489435606,
              0,
              1
            ]
          }
        }
      },
      "children": [
        4
      ]
    },
    {
      "rotation": [
        0.05481727182336757,
        -0.10246109805030022,
        0.03125640303561819,
        0.9927335109021571
      ],
      "translation": [
        0.02553218004082458,
        0.24073343489435606,
        0
      ],
      "name": "mixamorigLeftHandThumb2",
      "extras": {
        "transformData": {
          "eulerOrder": "ZYX",
          "translation": [
            0.02553218004082458,
            0.24073343489435606,
            0
          ],
          "preRotation": [
            -11.49280238514314,
            0,
            -1.5902773407317588e-15
          ],
          "parentMatrixWorld": {
            "elements": [
              0.8726748875400386,
              0.20255580203677212,
              -0.44430810220562805,
              0,
              -0.4086576060166579,
              0.8010041783865589,
              -0.43748288003848046,
              0,
              0.26727795208183724,
              0.5633502075470191,
              0.7817921996024754,
              0,
              -0.03688722821977164,
              0.3003477908537444,
              -2.4600787407180746e-8,
              1
            ]
          }
        }
      },
      "children": [
        5
      ]
    },
    {
      "rotation": [
        -0.2692018339234543,
        0.19140081716390667,
        0.16440280842786548,
        0.9294449010608148
      ],
      "translation": [
        -0.03688722821977164,
        0.3003477908537444,
        -2.4600787407180746e-8
      ],
      "scale": [
        0.9999999999999999,
        1,
        1
      ],
      "name": "mixamorigLeftHandThumb1",
      "extras": {
        "transformData": {
          "eulerOrder": "ZYX",
          "translation": [
            -0.03688722821977164,
            0.3003477908537444,
            -2.4600787407180746e-8
          ],
          "preRotation": [
            -0.000007200048348727785,
            -4.770832022195276e-15,
            13.055896558883749
          ],
          "parentMatrixWorld": {
            "elements": [
              -0.34011034775509397,
              -0.20177360404710135,
              -0.9184837179643175,
              0,
              -0.16069118631660415,
              0.9748144482086953,
              -0.15464518665215643,
              0,
              0.9265545154473507,
              0.09499580950948028,
              -0.36396772076681416,
              0,
              5.551115123125783e-17,
              0.7034974272379453,
              0,
              1
            ]
          }
        }
      },
      "children": [
        6
      ]
    },
    {
      "rotation": [
        3.469446951953616e-18,
        0,
        0,
        1
      ],
      "translation": [
        -0.018255278874999226,
        0.13426690415949372,
        0
      ],
      "name": "mixamorigLeftHandIndex4",
      "extras": {
        "transformData": {
          "eulerOrder": "ZYX",
          "translation": [
            -0.018255278874999226,
            0.13426690415949372,
            0
          ],
          "preRotation": [
            3.975693351829398e-16,
            0,
            0
          ],
          "parentMatrixWorld": {
            "elements": [
              0.9851288804327909,
              -0.1681260463947438,
              0.03542205378021658,
              0,
              0.16748077002541564,
              0.9856626169072877,
              0.020479202150646962,
              0,
              -0.038357281473403795,
              -0.014242140734654058,
              0.9991625895767179,
              0,
              0.03509218786768642,
              0.11037325147350474,
              0,
              1
            ]
          }
        }
      }
    },
    {
      "rotation": [
        0.008713121552941495,
        -0.018514500383340883,
        -0.08421860280935443,
        0.9962371887713225
      ],
      "translation": [
        0.03509218786768642,
        0.11037325147350474,
        0
      ],
      "name": "mixamorigLeftHandIndex3",
      "extras": {
        "transformData": {
          "eulerOrder": "ZYX",
          "translation": [
            0.03509218786768642,
            0.11037325147350474,
            0
          ],
          "preRotation": [
            -23.879331069157065,
            -1.5902773407317584e-15,
            7.951386703658792e-16
          ],
          "parentMatrixWorld": {
            "elements": [
              0.8283744443439935,
              0.5592053387792347,
              -0.032941934195741734,
              0,
              -0.5581875374130608,
              0.8289562670074557,
              0.035470867610417095,
              0,
              0.04714292125545472,
              -0.010995383262729422,
              0.9988276360493842,
              0,
              -0.016836908992686306,
              0.26744480520401614,
              0,
              1
            ]
          }
        }
      },
      "children": [
        8
      ]
    },
    {
      "rotation": [
        0.01215052763415711,
        0.020941505521797812,
        0.2921886910448173,
        0.9560541787198262
      ],
      "translation": [
        -0.016836908992686306,
        0.26744480520401614,
        0
      ],
      "name": "mixamorigLeftHandIndex2",
      "extras": {
        "transformData": {
          "eulerOrder": "ZYX",
          "translation": [
            -0.016836908992686306,
            0.26744480520401614,
            0
          ],
          "preRotation": [
            19.326216156807686,
            0,
            -1.1927080055488192e-15
          ],
          "parentMatrixWorld": {
            "elements": [
              0.9649174422179504,
              -0.019334325585600377,
              0.2618406250563188,
              0,
              0.036441853173444325,
              0.9974943714550616,
              -0.06063802608855495,
              0,
              -0.2600121543563279,
              0.06805264671400477,
              0.9632042961925092,
              0,
              -4.440892098500626e-16,
              0.44098871569614895,
              1.9785979299413725e-8,
              1
            ]
          }
        }
      },
      "children": [
        9
      ]
    },
    {
      "rotation": [
        -0.03247604721321393,
        -0.1316934252768545,
        -0.014075533022742625,
        0.9906583762924647
      ],
      "translation": [
        -4.440892098500626e-16,
        0.44098871569614895,
        1.9785979299413725e-8
      ],
      "scale": [
        0.9999999999999999,
        1,
        1
      ],
      "name": "mixamorigLeftHandIndex1",
      "extras": {
        "transformData": {
          "eulerOrder": "ZYX",
          "translation": [
            -4.440892098500626e-16,
            0.44098871569614895,
            1.9785979299413725e-8
          ],
          "preRotation": [
            19.219285940695165,
            9.541664044390553e-15,
            -89.86694627074931
          ],
          "parentMatrixWorld": {
            "elements": [
              -0.34011034775509397,
              -0.20177360404710135,
              -0.9184837179643175,
              0,
              -0.16069118631660415,
              0.9748144482086953,
              -0.15464518665215643,
              0,
              0.9265545154473507,
              0.09499580950948028,
              -0.36396772076681416,
              0,
              5.551115123125783e-17,
              0.7034974272379453,
              0,
              1
            ]
          }
        }
      },
      "children": [
        10
      ]
    },
    {
      "rotation": [
        -0.11072818611697842,
        0.8183661339416795,
        -0.018222093592562764,
        0.5636347097249121
      ],
      "translation": [
        5.551115123125783e-17,
        0.7034974272379453,
        0
      ],
      "name": "mixamorigLeftHand",
      "extras": {
        "transformData": {
          "eulerOrder": "ZYX",
          "translation": [
            5.551115123125783e-17,
            0.7034974272379453,
            0
          ],
          "preRotation": [
            149.3170274730757,
            73.13718183023589,
            165.95936276057725
          ],
          "parentMatrixWorld": {
            "elements": [
              0.7629720391426615,
              0.5344379476403479,
              0.3636615855068858,
              0,
              -0.6076407171130835,
              0.7848814188163171,
              0.12138335289661939,
              0,
              -0.2205593515535147,
              -0.313587690409079,
              0.9235888334327838,
              0,
              0,
              0.8606346363311652,
              0,
              1
            ]
          }
        }
      },
      "children": [
        7,
        11
      ]
    },
    {
      "rotation": [
        0.11672808883636449,
        -0.1567805362926722,
        0.30648628659118055,
        0.9315903473658844
      ],
      "translation": [
        0,
        0.8606346363311652,
        0
      ],
      "scale": [
        0.9999999999999999,
        1,
        1
      ],
      "name": "mixamorigLeftForeArm",
      "extras": {
        "transformData": {
          "eulerOrder": "ZYX",
          "translation": [
            0,
            0.8606346363311652,
            0
          ],
          "preRotation": [
            -1.6835121408612876,
            1.5902773407317588e-15,
            1.6740286397058142
          ],
          "parentMatrixWorld": {
            "elements": [
              0.9657296747168548,
              -0.017521267300545672,
              0.25895791330113443,
              0,
              -0.1284205414905766,
              0.8347788032494484,
              0.535399398210809,
              0,
              -0.22555345307124453,
              -0.5503066020623522,
              0.803920571473452,
              0,
              5.551115123125783e-17,
              0.3075663483555597,
              4.440892098500626e-16,
              1
            ]
          }
        }
      },
      "children": [
        12
      ]
    },
    {
      "rotation": [
        0.2859328155327552,
        -0.12760148613862393,
        0.02920656393325307,
        0.9492666994607231
      ],
      "translation": [
        5.551115123125783e-17,
        0.3075663483555597,
        4.440892098500626e-16
      ],
      "name": "mixamorigLeftArm",
      "extras": {
        "transformData": {
          "eulerOrder": "ZYX",
          "translation": [
            5.551115123125783e-17,
            0.3075663483555597,
            4.440892098500626e-16
          ],
          "preRotation": [
            -9.142766064210468,
            -1.5902773407317588e-15,
            -1.09928631019483
          ],
          "parentMatrixWorld": {
            "elements": [
              -0.21462130039477345,
              -0.027438908494512415,
              0.9763118245665279,
              0,
              -0.95329383089549,
              -0.21162867819698514,
              -0.21550904777654892,
              0,
              0.21252892618275127,
              -0.9769648837074874,
              0.019262694755095233,
              0,
              -0.1512753702700138,
              0.5596995165125755,
              0.003545783806126801,
              1
            ]
          }
        }
      },
      "children": [
        13
      ]
    },
    {
      "rotation": [
        0.4944048652286698,
        -0.4959158011806775,
        0.6011473765531323,
        0.3850365810916694
      ],
      "translation": [
        -0.1512753702700138,
        0.5596995165125755,
        0.003545783806126801
      ],
      "scale": [
        1,
        0.9999999999999999,
        1
      ],
      "name": "mixamorigLeftShoulder",
      "extras": {
        "transformData": {
          "eulerOrder": "ZYX",
          "translation": [
            -0.1512753702700138,
            0.5596995165125755,
            0.003545783806126801
          ],
          "preRotation": [
            100.72631297847967,
            -88.65440826987638,
            0.03299908913231486
          ],
          "parentMatrixWorld": {
            "elements": [
              0.9935490136243185,
              0.05719118888895046,
              -0.0979261226116126,
              0,
              -0.04406897463859037,
              0.9903656529591292,
              0.1312775646788602,
              0,
              0.10449058833492839,
              -0.12611519110391672,
              0.9864971746676102,
              0,
              0,
              0.5230072678538242,
              0,
              1
            ]
          }
        }
      },
      "children": [
        14
      ]
    },
    {
      "rotation": [
        -4.8572257327350605e-17,
        5.551115123125785e-17,
        2.1250362580715896e-17,
        1
      ],
      "translation": [
        -0.011884582464605498,
        0.15474955573159743,
        -5.551115123125783e-17
      ],
      "name": "mixamorigRightHandThumb4",
      "extras": {
        "transformData": {
          "eulerOrder": "ZYX",
          "translation": [
            -0.011884582464605498,
            0.15474955573159743,
            -5.551115123125783e-17
          ],
          "preRotation": [
            -5.565970692561155e-15,
            6.361109362927037e-15,
            2.435112177995506e-15
          ],
          "parentMatrixWorld": {
            "elements": [
              0.7789701400879875,
              -0.6263606951942138,
              -0.029627463709294588,
              0,
              0.49681106198324576,
              0.6453056439959735,
              -0.5803097211272776,
              0,
              0.3826019808901986,
              0.4373246886005413,
              0.8138567621947325,
              0,
              0.12386059649277287,
              0.14674019725039322,
              0,
              1
            ]
          }
        }
      }
    },
    {
      "rotation": [
        -0.2827577292919159,
        0.114541195333004,
        -0.31208211183547974,
        0.8997405767440796
      ],
      "translation": [
        0.12386059649277287,
        0.14674019725039322,
        0
      ],
      "name": "mixamorigRightHandThumb3",
      "extras": {
        "transformData": {
          "eulerOrder": "ZYX",
          "translation": [
            0.12386059649277287,
            0.14674019725039322,
            0
          ],
          "preRotation": [
            6.349498250875827,
            0,
            -9.939233379573492e-16
          ],
          "parentMatrixWorld": {
            "elements": [
              0.20605450873977993,
              0.9426465014763624,
              -0.2626005593058123,
              0,
              -0.9780282531798418,
              0.20707426986802957,
              -0.024102362574029534,
              0,
              0.031657802756011044,
              0.26179717560362814,
              0.9646035557383887,
              0,
              -0.11197601402816765,
              0.16768967657100964,
              1.1102230246251565e-16,
              1
            ]
          }
        }
      },
      "children": [
        16
      ]
    },
    {
      "rotation": [
        -0.09270475059747696,
        0.0954151526093483,
        0.622791051864624,
        0.7709948420524597
      ],
      "translation": [
        -0.11197601402816765,
        0.16768967657100964,
        1.1102230246251565e-16
      ],
      "name": "mixamorigRightHandThumb2",
      "extras": {
        "transformData": {
          "eulerOrder": "ZYX",
          "translation": [
            -0.11197601402816765,
            0.16768967657100964,
            1.1102230246251565e-16
          ],
          "preRotation": [
            -4.114318494679101,
            0,
            -6.460501696722769e-16
          ],
          "parentMatrixWorld": {
            "elements": [
              0.6665720714972164,
              -0.43935086958012626,
              0.6022063601936178,
              0,
              -0.32696605058826655,
              0.553675019054272,
              0.7658571622173747,
              0,
              -0.6699066267929954,
              -0.7074000314928788,
              0.2254114856346785,
              0,
              0.12847648499606068,
              0.21684699538695695,
              1.8742075613698006e-8,
              1
            ]
          }
        }
      },
      "children": [
        17
      ]
    },
    {
      "rotation": [
        0.4710322618484497,
        -0.4067220985889435,
        -0.03593186289072037,
        0.7819300889968872
      ],
      "translation": [
        0.12847648499606068,
        0.21684699538695695,
        1.8742075613698006e-8
      ],
      "name": "mixamorigRightHandThumb1",
      "extras": {
        "transformData": {
          "eulerOrder": "ZYX",
          "translation": [
            0.12847648499606068,
            0.21684699538695695,
            1.8742075613698006e-8
          ],
          "preRotation": [
            -0.000015648758929691227,
            3.180554681463516e-15,
            -64.37893265020891
          ],
          "parentMatrixWorld": {
            "elements": [
              -0.059031206660286495,
              0.5650952732066076,
              -0.8229110608185207,
              0,
              0.5970949900409311,
              0.6806149836344578,
              0.4245477669455986,
              0,
              0.7999955341662439,
              -0.46629450538262124,
              -0.3775930802689568,
              0,
              5.551115123125783e-17,
              0.7034372683051384,
              0,
              1
            ]
          }
        }
      },
      "children": [
        18
      ]
    },
    {
      "rotation": [
        4.1633363423443346e-17,
        -1.1420162717108684e-33,
        -2.743031496388327e-17,
        1
      ],
      "translation": [
        0.004346128219314238,
        0.029348542394796784,
        0
      ],
      "name": "mixamorigRightHandIndex4",
      "extras": {
        "transformData": {
          "eulerOrder": "ZYX",
          "translation": [
            0.004346128219314238,
            0.029348542394796784,
            0
          ],
          "preRotation": [
            4.770832022195272e-15,
            0,
            -3.1432825562901173e-15
          ],
          "parentMatrixWorld": {
            "elements": [
              0.14552997182307514,
              0.987700396282406,
              -0.057175407791981436,
              0,
              -0.9860865412704671,
              0.14011410949224823,
              -0.08945078355784869,
              0,
              -0.0803394871644621,
              0.06939767097996657,
              0.9943487972266047,
              0,
              -0.026978806690971968,
              0.133352569068422,
              5.551115123125783e-17,
              1
            ]
          }
        }
      }
    },
    {
      "rotation": [
        -0.052600059658288956,
        -0.007670404855161905,
        0.6535871624946594,
        0.7549822926521301
      ],
      "translation": [
        -0.026978806690971968,
        0.133352569068422,
        5.551115123125783e-17
      ],
      "name": "mixamorigRightHandIndex3",
      "extras": {
        "transformData": {
          "eulerOrder": "ZYX",
          "translation": [
            -0.026978806690971968,
            0.133352569068422,
            5.551115123125783e-17
          ],
          "preRotation": [
            -50.74603999771504,
            -2.981770013872047e-15,
            1.7890620083232284e-15
          ],
          "parentMatrixWorld": {
            "elements": [
              0.6479693526424299,
              0.761383442447706,
              0.020759495967955566,
              0,
              -0.7532140412773773,
              0.6445898296214779,
              -0.13104405556163323,
              0,
              -0.11315613606412978,
              0.06927618668720248,
              0.9911591690814207,
              0,
              0.022632678471656842,
              0.1657147662812255,
              0,
              1
            ]
          }
        }
      },
      "children": [
        20
      ]
    },
    {
      "rotation": [
        -0.05527285486459732,
        -0.036950331181287766,
        0.41791146993637085,
        0.9060516357421875
      ],
      "translation": [
        0.022632678471656842,
        0.1657147662812255,
        0
      ],
      "name": "mixamorigRightHandIndex2",
      "extras": {
        "transformData": {
          "eulerOrder": "ZYX",
          "translation": [
            0.022632678471656842,
            0.1657147662812255,
            0
          ],
          "preRotation": [
            36.08902015894286,
            -1.987846675914698e-16,
            -7.056855699497178e-15
          ],
          "parentMatrixWorld": {
            "elements": [
              0.6934175673736434,
              0.7090704438453702,
              0.1280280978737829,
              0,
              -0.7068099461938355,
              0.7039011643683336,
              -0.070305485643028,
              0,
              -0.1399706688621456,
              -0.041740472145922525,
              0.9892754647849115,
              0,
              0,
              0.6421795478341648,
              1.5846794265694797e-8,
              1
            ]
          }
        }
      },
      "children": [
        21
      ]
    },
    {
      "rotation": [
        -0.0077610923908650875,
        -0.07281506061553955,
        0.38469362258911133,
        0.9201350808143616
      ],
      "translation": [
        0,
        0.6421795478341648,
        1.5846794265694797e-8
      ],
      "scale": [
        1,
        0.9999999999999999,
        1
      ],
      "name": "mixamorigRightHandIndex1",
      "extras": {
        "transformData": {
          "eulerOrder": "ZYX",
          "translation": [
            0,
            0.6421795478341648,
            1.5846794265694797e-8
          ],
          "preRotation": [
            -2.4054987356792648,
            -1.1927080055488188e-15,
            23.804255448871686
          ],
          "parentMatrixWorld": {
            "elements": [
              -0.059031206660286495,
              0.5650952732066076,
              -0.8229110608185207,
              0,
              0.5970949900409311,
              0.6806149836344578,
              0.4245477669455986,
              0,
              0.7999955341662439,
              -0.46629450538262124,
              -0.3775930802689568,
              0,
              5.551115123125783e-17,
              0.7034372683051384,
              0,
              1
            ]
          }
        }
      },
      "children": [
        22
      ]
    },
    {
      "rotation": [
        0.3993578877317351,
        0.7275368153165346,
        -0.014345232281771068,
        0.5576716397089387
      ],
      "translation": [
        5.551115123125783e-17,
        0.7034372683051384,
        0
      ],
      "scale": [
        1,
        1,
        0.9999999999999999
      ],
      "name": "mixamorigRightHand",
      "extras": {
        "transformData": {
          "eulerOrder": "ZYX",
          "translation": [
            5.551115123125783e-17,
            0.7034372683051384,
            0
          ],
          "preRotation": [
            112.54788511701219,
            75.75919599746703,
            101.17215449845312
          ],
          "parentMatrixWorld": {
            "elements": [
              0.3816656631977068,
              -0.9040493008572941,
              -0.19242192666451863,
              0,
              0.9242951953791942,
              0.37400384403142106,
              0.0761546540723105,
              0,
              0.0031189807284793397,
              -0.2069202772987076,
              0.9783528357993762,
              0,
              5.551115123125783e-17,
              0.8607311392321395,
              0,
              1
            ]
          }
        }
      },
      "children": [
        19,
        23
      ]
    },
    {
      "rotation": [
        0.08559933318506277,
        0.05912982545707838,
        -0.5528750601560556,
        0.826743973457772
      ],
      "translation": [
        5.551115123125783e-17,
        0.8607311392321395,
        0
      ],
      "name": "mixamorigRightForeArm",
      "extras": {
        "transformData": {
          "eulerOrder": "ZYX",
          "translation": [
            5.551115123125783e-17,
            0.8607311392321395,
            0
          ],
          "preRotation": [
            -1.5985933018280272,
            0,
            -2.6803055514554996
          ],
          "parentMatrixWorld": {
            "elements": [
              0.7588218274403762,
              0.6510811852839492,
              0.016814246057264476,
              0,
              -0.5014582799213203,
              0.5675758211834873,
              0.6529910189635398,
              0,
              0.4156068120225858,
              -0.5039354795188956,
              0.7571789780139204,
              0,
              0,
              0.30756637117075436,
              0,
              1
            ]
          }
        }
      },
      "children": [
        24
      ]
    },
    {
      "rotation": [
        0.3294188171017892,
        0.11355066680692666,
        0.3281696700603428,
        0.8780057774636396
      ],
      "translation": [
        0,
        0.30756637117075436,
        0
      ],
      "scale": [
        1,
        0.9999999999999999,
        0.9999999999999999
      ],
      "name": "mixamorigRightArm",
      "extras": {
        "transformData": {
          "eulerOrder": "ZYX",
          "translation": [
            0,
            0.30756637117075436,
            0
          ],
          "preRotation": [
            -9.21422200218643,
            -7.951386703658792e-16,
            1.9138185047365115
          ],
          "parentMatrixWorld": {
            "elements": [
              -0.38577974108607566,
              0.09569576741365098,
              -0.9176144360638173,
              0,
              0.8868953479382237,
              -0.23551797539713412,
              -0.39742656326226766,
              0,
              -0.25414675874215303,
              -0.9671471198737204,
              0.005985966801071995,
              0,
              0.15127535536885262,
              0.5595395870352928,
              0.0018363967820401728,
              1
            ]
          }
        }
      },
      "children": [
        25
      ]
    },
    {
      "rotation": [
        0.4592799439094817,
        0.5348541387350082,
        -0.6378251490973608,
        0.3101161743325208
      ],
      "translation": [
        0.15127535536885262,
        0.5595395870352928,
        0.0018363967820401728
      ],
      "scale": [
        0.9999999999999999,
        0.9999999999999999,
        0.9999999999999999
      ],
      "name": "mixamorigRightShoulder",
      "extras": {
        "transformData": {
          "eulerOrder": "ZYX",
          "translation": [
            0.15127535536885262,
            0.5595395870352928,
            0.0018363967820401728
          ],
          "preRotation": [
            100.77789448986535,
            89.30260187719091,
            -0.042071064210132694
          ],
          "parentMatrixWorld": {
            "elements": [
              0.9935490136243185,
              0.05719118888895046,
              -0.0979261226116126,
              0,
              -0.04406897463859037,
              0.9903656529591292,
              0.1312775646788602,
              0,
              0.10449058833492839,
              -0.12611519110391672,
              0.9864971746676102,
              0,
              0,
              0.5230072678538242,
              0,
              1
            ]
          }
        }
      },
      "children": [
        26
      ]
    },
    {
      "rotation": [
        0.06458751039786872,
        0.050792382960441126,
        0.025409191664447595,
        0.9962946171682383
      ],
      "translation": [
        0,
        0.5230072678538242,
        0
      ],
      "name": "mixamorigSpine2",
      "extras": {
        "transformData": {
          "eulerOrder": "ZYX",
          "translation": [
            0,
            0.5230072678538242,
            0
          ],
          "preRotation": [
            -7.951386703658794e-16,
            5.517382872562698e-32,
            -4.475976855366489e-31
          ],
          "parentMatrixWorld": {
            "elements": [
              0.9935489744956661,
              0.05722948411704341,
              -0.09790414340173771,
              0,
              -0.06461963702104448,
              0.9951582928486412,
              -0.07405588827005816,
              0,
              0.09319193988108308,
              0.0799046821149797,
              0.9924366498490591,
              0,
              0,
              0.4576309102990559,
              0,
              1
            ]
          }
        }
      },
      "children": [
        3,
        15,
        27
      ]
    },
    {
      "rotation": [
        -0.03858118647075887,
        0.04788702460979366,
        0.03053433520134266,
        0.9976402002419388
      ],
      "translation": [
        0,
        0.4576309102990559,
        0
      ],
      "name": "mixamorigSpine1",
      "extras": {
        "transformData": {
          "eulerOrder": "ZYX",
          "translation": [
            0,
            0.4576309102990559,
            0
          ],
          "preRotation": [
            -0.0000075355863884896525,
            1.6552148617688095e-32,
            4.3438678057041855e-16
          ],
          "parentMatrixWorld": {
            "elements": [
              0.9984071516108055,
              0.02746486230756367,
              -0.0492832719440649,
              0,
              -0.0315313267683235,
              0.9959896688896692,
              -0.08372786127079529,
              0,
              0.046786055479333705,
              0.08514846245927701,
              0.9952692119136854,
              0,
              6.245004513516506e-17,
              0.3905496597290039,
              0.03653965890407565,
              1
            ]
          }
        }
      },
      "children": [
        28
      ]
    },
    {
      "rotation": [
        -0.04227372353912885,
        0.0240484166068071,
        0.014768136419422281,
        0.9987074096616968
      ],
      "translation": [
        6.245004513516506e-17,
        0.3905496597290039,
        0.03653965890407565
      ],
      "name": "mixamorigSpine",
      "extras": {
        "transformData": {
          "eulerOrder": "ZYX",
          "translation": [
            6.245004513516506e-17,
            0.3905496597290039,
            0.03653965890407565
          ],
          "preRotation": [
            5.345015361231236,
            0,
            -9.598043692859813e-15
          ],
          "parentMatrixWorld": {
            "elements": [
              -0.6250200109147774,
              -0.03099461810623639,
              -0.7799931353172254,
              0,
              -0.11564744317896761,
              0.9918615975772982,
              0.05325636107575809,
              0,
              0.7719945766517498,
              0.12349050472531328,
              -0.6235177947955775,
              0,
              -0.06789826374906598,
              1.8889425697758773,
              0.02774118361396324,
              1
            ]
          }
        }
      },
      "children": [
        29
      ]
    },
    {
      "rotation": [
        3.469446951953614e-17,
        -5.20417042793042e-18,
        -2.77555756156289e-17,
        1
      ],
      "translation": [
        0,
        0.46920279635087836,
        0
      ],
      "name": "mixamorigLeftToe_End",
      "extras": {
        "transformData": {
          "eulerOrder": "ZYX",
          "translation": [
            0,
            0.46920279635087836,
            0
          ],
          "preRotation": [
            3.975693351829396e-15,
            -5.963540027744091e-16,
            -3.180554681463515e-15
          ],
          "parentMatrixWorld": {
            "elements": [
              0.997749312006346,
              -0.06140703191890699,
              0.02693486467828417,
              0,
              0.029145392752602108,
              0.7589064592892115,
              0.6505471115028193,
              0,
              -0.060389209181969855,
              -0.6482979057765615,
              0.7589881296372403,
              0,
              0,
              1.0180702471195673,
              1.1102230246251565e-16,
              1
            ]
          }
        }
      }
    },
    {
      "rotation": [
        0.3463577352535577,
        -0.023286356765417085,
        -0.02414724798855351,
        0.9375025335644207
      ],
      "translation": [
        0,
        1.0180702471195673,
