{
  "asset": {
    "version": "2.0",
    "generator": "GLTFExporter"
  },
  "scenes": [
    {
      "name": "AuxScene",
      "nodes": [
        42
      ]
    }
  ],
  "scene": 0,
  "nodes": [
    {
      "name": "unamed",
      "extras": {
        "transformData": {
          "eulerOrder": "ZYX",
          "parentMatrixWorld": {
            "elements": [
              1,
              0,
              0,
              0,
              0,
              1,
              0,
              0,
              0,
              0,
              1,
              0,
              -1.050000000745058,
              -1.100000023841858,
              1.0499999821186066,
              1
            ]
          }
        }
      },
      "mesh": 0,
      "skin": 0
    },
    {
      "translation": [
        0,
        0.5722177028656006,
        -0.005629539489746094
      ],
      "name": "mixamorigHeadTop_End",
      "extras": {
        "transformData": {
          "eulerOrder": "ZYX",
          "translation": [
            0,
            0.5722177028656006,
            -0.005629539489746094
          ],
          "parentMatrixWorld": {
            "elements": [
              1,
              0,
              0,
              0,
              0,
              1,
              0,
              0,
              0,
              0,
              1,
              0,
              0,
              0.16542875766754128,
              -0.0016275644302368164,
              1
            ]
          }
        }
      }
    },
    {
      "translation": [
        0,
        0.16542875766754128,
        -0.0016275644302368164
      ],
      "name": "mixamorigHead",
      "extras": {
        "transformData": {
          "eulerOrder": "ZYX",
          "translation": [
            0,
            0.16542875766754128,
            -0.0016275644302368164
          ],
          "parentMatrixWorld": {
            "elements": [
              1,
              0,
              0,
              0,
              0,
              0.9992515508231513,
              -0.038682530650501874,
              0,
              0,
              0.038682530650501874,
              0.9992515508231513,
              0,
              0,
              0.17869006071187354,
              -7.156796910656738e-8,
              1
            ]
          }
        }
      },
      "children": [
        1
      ]
    },
    {
      "rotation": [
        -0.019344885329831644,
        0,
        0,
        0.9998128701970063
      ],
      "translation": [
        0,
        0.17869006071187354,
        -7.156796910656738e-8
      ],
      "name": "mixamorigNeck",
      "extras": {
        "transformData": {
          "eulerOrder": "ZYX",
          "translation": [
            0,
            0.17869006071187354,
            -7.156796910656738e-8
          ],
          "preRotation": [
            -2.2168988534682215,
            0,
            0
          ],
          "parentMatrixWorld": {
            "elements": [
              1,
              0,
              0,
              0,
              0,
              1,
              -6.938893903907227e-18,
              0,
              0,
              6.938893903907227e-18,
              1,
              0,
              0,
              0.158835679263172,
              0,
              1
            ]
          }
        }
      },
      "children": [
        2
      ]
    },
    {
      "rotation": [
        -5.551115123125779e-17,
        6.245004513516508e-17,
        -6.245004513516506e-17,
        1
      ],
      "translation": [
        -0.011808740262750916,
        0.043216026801368934,
        2.220446049250313e-16
      ],
      "name": "mixamorigLeftHandThumb4",
      "extras": {
        "transformData": {
          "eulerOrder": "ZYX",
          "translation": [
            -0.011808740262750916,
            0.043216026801368934,
            2.220446049250313e-16
          ],
          "preRotation": [
            -6.3611093629270296e-15,
            7.156248033292914e-15,
            -7.156248033292914e-15
          ],
          "parentMatrixWorld": {
            "elements": [
              1,
              -4.857225732735061e-17,
              2.775557561562892e-17,
              0,
              5.3780788171347306e-17,
              0.9712895639005977,
              -0.2379003637193241,
              0,
              -1.5403343250668963e-17,
              0.2379003637193241,
              0.9712895639005977,
              0,
              -0.007333408799781838,
              0.07705111367280448,
              0,
              1
            ]
          }
        }
      }
    },
    {
      "rotation": [
        -0.11981326324619132,
        -1.0868018078462341e-17,
        -2.5773925253122208e-17,
        0.9927964453755356
      ],
      "translation": [
        -0.007333408799781838,
        0.07705111367280448,
        0
      ],
      "name": "mixamorigLeftHandThumb3",
      "extras": {
        "transformData": {
          "eulerOrder": "ZYX",
          "translation": [
            -0.007333408799781838,
            0.07705111367280448,
            0
          ],
          "preRotation": [
            -13.76265119479232,
            -1.5902773407317588e-15,
            -2.7829853462805776e-15
          ],
          "parentMatrixWorld": {
            "elements": [
              1,
              -4.5102810375396997e-17,
              -1.3877787807814463e-17,
              0,
              4.431756451595446e-17,
              0.9986387927233379,
              -0.05215900371052198,
              0,
              1.6211414915791792e-17,
              0.05215900371052198,
              0.9986387927233379,
              0,
              0.019142149062532754,
              0.04578778413159201,
              0,
              1
            ]
          }
        }
      },
      "children": [
        4
      ]
    },
    {
      "rotation": [
        -0.0260883812899741,
        7.524861840932886e-18,
        -2.2362705087361585e-17,
        0.9996596402584577
      ],
      "translation": [
        0.019142149062532754,
        0.04578778413159201,
        0
      ],
      "name": "mixamorigLeftHandThumb2",
      "extras": {
        "transformData": {
          "eulerOrder": "ZYX",
          "translation": [
            0.019142149062532754,
            0.04578778413159201,
            0
          ],
          "preRotation": [
            -2.9898475000920888,
            7.951386703658794e-16,
            -2.5842006786891076e-15
          ],
          "parentMatrixWorld": {
            "elements": [
              0.14761154141560304,
              0.9890454149536865,
              -6.938888609951307e-17,
              0,
              -0.9890454149533089,
              0.14761154141554667,
              -8.739774605137641e-7,
              0,
              -8.644034000837622e-7,
              1.2900916017755996e-7,
              0.9999999999996181,
              0,
              -0.05307569865257411,
              0.032114090530459105,
              -4.195034097875805e-9,
              1
            ]
          }
        }
      },
      "children": [
        5
      ]
    },
    {
      "rotation": [
        -3.31018824944525e-7,
        -2.852817693157142e-7,
        0.6528355300472831,
        0.7574996836353743
      ],
      "translation": [
        -0.05307569865257411,
        0.032114090530459105,
        -4.195034097875805e-9
      ],
      "scale": [
        0.9999999999999999,
        1,
        1
      ],
      "name": "mixamorigLeftHandThumb1",
      "extras": {
        "transformData": {
          "eulerOrder": "ZYX",
          "translation": [
            -0.05307569865257411,
            0.032114090530459105,
            -4.195034097875805e-9
          ],
          "preRotation": [
            -0.000050075219877006614,
            3.975693351829397e-15,
            81.51146283949093
          ],
          "parentMatrixWorld": {
            "elements": [
              -0.28274444166407803,
              -0.7381685958355364,
              0.6125052692265281,
              0,
              0.017951546453693012,
              0.6343774788109212,
              0.7728149560906675,
              0,
              -0.9590272794284793,
              0.22950455006315618,
              -0.1661154382118606,
              0,
              0,
              0.28484693738710587,
              2.220446049250313e-16,
              1
            ]
          }
        }
      },
      "children": [
        6
      ]
    },
    {
      "rotation": [
        -2.7755575615628877e-17,
        -5.5511151231257796e-17,
        6.938893903907223e-18,
        1
      ],
      "translation": [
        -0.001549342250009078,
        0.025835356898814554,
        0
      ],
      "name": "mixamorigLeftHandIndex4",
      "extras": {
        "transformData": {
          "eulerOrder": "ZYX",
          "translation": [
            -0.001549342250009078,
            0.025835356898814554,
            0
          ],
          "preRotation": [
            -3.1805546814635124e-15,
            -6.3611093629270296e-15,
            7.951386703658787e-16
          ],
          "parentMatrixWorld": {
            "elements": [
              1,
              -6.938893903907227e-18,
              5.551115123125783e-17,
              0,
              -3.916913184023591e-19,
              0.9913851134772468,
              0.13097922268706036,
              0,
              -5.59417798924949e-17,
              -0.13097922268706036,
              0.9913851134772468,
              0,
              -0.0013300384837872103,
              0.046145394136756224,
              0,
              1
            ]
          }
        }
      }
    },
    {
      "rotation": [
        0.06563111503986972,
        -2.792343699271446e-17,
        -1.6403372888586139e-18,
        0.9978439541023555
      ],
      "translation": [
        -0.0013300384837872103,
        0.046145394136756224,
        0
      ],
      "name": "mixamorigLeftHandIndex3",
      "extras": {
        "transformData": {
          "eulerOrder": "ZYX",
          "translation": [
            -0.0013300384837872103,
            0.046145394136756224,
            0
          ],
          "preRotation": [
            7.526181501821135,
            -3.1805546814635168e-15,
            -3.975693351829396e-16
          ],
          "parentMatrixWorld": {
            "elements": [
              1,
              -4.336808689942021e-18,
              -1.1102230246251565e-16,
              0,
              2.51875986733109e-17,
              0.9820717419777542,
              0.18850754257795513,
              0,
              1.0821434482897216e-16,
              -0.18850754257795513,
              0.9820717419777542,
              0,
              0.0028793807337962884,
              0.042902986946295574,
              2.220446049250313e-16,
              1
            ]
          }
        }
      },
      "children": [
        8
      ]
    },
    {
      "rotation": [
        0.09467908433821562,
        5.505648404056441e-17,
        -7.414408507355283e-18,
        0.9955078457696239
      ],
      "translation": [
        0.0028793807337962884,
        0.042902986946295574,
        2.220446049250313e-16
      ],
      "name": "mixamorigLeftHandIndex2",
      "extras": {
        "transformData": {
          "eulerOrder": "ZYX",
          "translation": [
            0.0028793807337962884,
            0.042902986946295574,
            2.220446049250313e-16
          ],
          "preRotation": [
            10.865698890980292,
            6.3611093629270335e-15,
            -2.4848083448933725e-16
          ],
          "parentMatrixWorld": {
            "elements": [
              0.8305528134468093,
              -0.5569398747401639,
              1.3877787807814457e-17,
              0,
              0.5383496515577646,
              0.8028296015400492,
              -0.2562114040371332,
              0,
              0.14269434727144253,
              0.2127971024601982,
              0.9666207717824612,
              0,
              0,
              0.09926389191531859,
              -1.713318376062034e-11,
              1
            ]
          }
        }
      },
      "children": [
        9
      ]
    },
    {
      "rotation": [
        -0.1235945388400099,
        0.0376032455739489,
        -0.2886340056176691,
        0.948683717944147
      ],
      "translation": [
        0,
        0.09926389191531859,
        -1.713318376062034e-11
      ],
      "name": "mixamorigLeftHandIndex1",
      "extras": {
        "transformData": {
          "eulerOrder": "ZYX",
          "translation": [
            0,
            0.09926389191531859,
            -1.713318376062034e-11
          ],
          "preRotation": [
            -14.845378386211795,
            0,
            -33.8444327477814
          ],
          "parentMatrixWorld": {
            "elements": [
              -0.28274444166407803,
              -0.7381685958355364,
              0.6125052692265281,
              0,
              0.017951546453693012,
              0.6343774788109212,
              0.7728149560906675,
              0,
              -0.9590272794284793,
              0.22950455006315618,
              -0.1661154382118606,
              0,
              0,
              0.28484693738710587,
              2.220446049250313e-16,
              1
            ]
          }
        }
      },
      "children": [
        10
      ]
    },
    {
      "rotation": [
        0.24949625134301184,
        -0.7216712129991849,
        -0.34722165998152255,
        0.5444073839816521
      ],
      "translation": [
        0,
        0.28484693738710587,
        2.220446049250313e-16
      ],
      "scale": [
        0.9999999999999999,
        1,
        1
      ],
      "name": "mixamorigLeftHand",
      "extras": {
        "transformData": {
          "eulerOrder": "ZYX",
          "translation": [
            0,
            0.28484693738710587,
            2.220446049250313e-16
          ],
          "preRotation": [
            102.1310613824979,
            -37.770871519634554,
            -110.95859092116642
          ],
          "parentMatrixWorld": {
            "elements": [
              0.9813358118124931,
              -0.19230190964812402,
              3.469446951953614e-18,
              0,
              0.18914653587606908,
              0.9652336249551843,
              -0.18040963727572165,
              0,
              0.03469311776704665,
              0.1770424378547677,
              0.9835915629864066,
              0,
              0,
              0.34194562445334864,
              0,
              1
            ]
          }
        }
      },
      "children": [
        7,
        11
      ]
    },
    {
      "rotation": [
        -0.09015351334099792,
        0.008750002232636276,
        -0.09620567319385247,
        0.9912316832802113
      ],
      "translation": [
        0,
        0.34194562445334864,
        0
      ],
      "scale": [
        1,
        1,
        0.9999999999999999
      ],
      "name": "mixamorigLeftForeArm",
      "extras": {
        "transformData": {
          "eulerOrder": "ZYX",
          "translation": [
            0,
            0.34194562445334864,
            0
          ],
          "preRotation": [
            -10.393620920414856,
            0,
            -11.087151587320356
          ],
          "parentMatrixWorld": {
            "elements": [
              -0.9918516612918328,
              -1.4571677198205177e-16,
              -0.12739812397610623,
              0,
              0.0940998797566796,
              0.6741127519069248,
              -0.7326098623047955,
              0,
              0.08588069994131266,
              -0.7386284571531703,
              -0.6686198528768924,
              0,
              0,
              0.12378818468455122,
              5.551115123125783e-17,
              1
            ]
          }
        }
      },
      "children": [
        12
      ]
    },
    {
      "rotation": [
        0.02576547922189141,
        0.9130422041279979,
        -0.4028396258152913,
        0.05839785470845544
      ],
      "translation": [
        0,
        0.12378818468455122,
        5.551115123125783e-17
      ],
      "scale": [
        0.9999999999999999,
        1,
        0.9999999999999999
      ],
      "name": "mixamorigLeftArm",
      "extras": {
        "transformData": {
          "eulerOrder": "ZYX",
          "translation": [
            0,
            0.12378818468455122,
            5.551115123125783e-17
          ],
          "preRotation": [
            -132.3852881415634,
            7.319265593675311,
            -180
          ],
          "parentMatrixWorld": {
            "elements": [
              0.04135245857106384,
              0.0008959347835778008,
              0.9991442195554114,
              0,
              -0.7893241136982294,
              -0.613077478692964,
              0.03321819763297579,
              0,
              0.6125825803143876,
              -0.7900222796987072,
              -0.02464507810952443,
              0,
              -0.04938185214996338,
              0.14440081086675116,
              0.0019143255283131655,
              1
            ]
          }
        }
      },
      "children": [
        13
      ]
    },
    {
      "rotation": [
        0.6478956349933128,
        -0.3042265360079133,
        0.6219083417217476,
        0.31765937014692963
      ],
      "translation": [
        -0.04938185214996338,
        0.14440081086675116,
        0.0019143255283131655
      ],
      "scale": [
        0.9999999999999999,
        1,
        0.9999999999999999
      ],
      "name": "mixamorigLeftShoulder",
      "extras": {
        "transformData": {
          "eulerOrder": "ZYX",
          "translation": [
            -0.04938185214996338,
            0.14440081086675116,
            0.0019143255283131655
          ],
          "preRotation": [
            126.57227291469833,
            -87.62944636482729,
            1.2411656712865442
          ],
          "parentMatrixWorld": {
            "elements": [
              1,
              0,
              0,
              0,
              0,
              1,
              -6.938893903907227e-18,
              0,
              0,
              6.938893903907227e-18,
              1,
              0,
              0,
              0.158835679263172,
              0,
              1
            ]
          }
        }
      },
      "children": [
        14
      ]
    },
    {
      "rotation": [
        -8.326672684688665e-17,
        -2.7755575615628904e-17,
        6.938893903907223e-17,
        1
      ],
      "translation": [
        -0.016054896655726347,
        0.04079008445031129,
        0
      ],
      "name": "mixamorigRightHandThumb4",
      "extras": {
        "transformData": {
          "eulerOrder": "ZYX",
          "translation": [
            -0.016054896655726347,
            0.04079008445031129,
            0
          ],
          "preRotation": [
            -9.541664044390541e-15,
            -3.1805546814635148e-15,
            7.951386703658786e-15
          ],
          "parentMatrixWorld": {
            "elements": [
              1,
              1.3010426069826056e-17,
              -3.851859888774472e-34,
              0,
              -1.239371153323301e-17,
              0.9525984365705487,
              -0.3042305353565715,
              0,
              -3.958168888440275e-18,
              0.3042305353565715,
              0.9525984365705487,
              0,
              0.02244962454573396,
              0.07058946692788526,
              -5.551115123125783e-17,
              1
            ]
          }
        }
      }
    },
    {
      "rotation": [
        -0.1539505820538708,
        -1.0014813331092877e-18,
        6.4276614541399114e-18,
        0.9880785486413894
      ],
      "translation": [
        0.02244962454573396,
        0.07058946692788526,
        -5.551115123125783e-17
      ],
      "scale": [
        1,
        0.9999999999999999,
        0.9999999999999999
      ],
      "name": "mixamorigRightHandThumb3",
      "extras": {
        "transformData": {
          "eulerOrder": "ZYX",
          "translation": [
            0.02244962454573396,
            0.07058946692788526,
            -5.551115123125783e-17
          ],
          "preRotation": [
            -17.711877068652246,
            0,
            7.454425034680117e-16
          ],
          "parentMatrixWorld": {
            "elements": [
              1,
              -3.1225022567582534e-17,
              -9.62964972193618e-35,
              0,
              3.1198908750482856e-17,
              0.9991636894082891,
              0.04088913997647614,
              0,
              -1.2767643185345088e-18,
              -0.04088913997647614,
              0.9991636894082891,
              0,
              -0.006394727890007612,
              0.04360878275317237,
              5.551115123125783e-17,
              1
            ]
          }
        }
      },
      "children": [
        16
      ]
    },
    {
      "rotation": [
        0.020448845831865837,
        -3.192578362905134e-19,
        -1.5609246715343978e-17,
        0.9997909004907698
      ],
      "translation": [
        -0.006394727890007612,
        0.04360878275317237,
        5.551115123125783e-17
      ],
      "name": "mixamorigRightHandThumb2",
      "extras": {
        "transformData": {
          "eulerOrder": "ZYX",
          "translation": [
            -0.006394727890007612,
            0.04360878275317237,
            5.551115123125783e-17
          ],
          "preRotation": [
            2.3434284630167257,
            0,
            -1.7890620083232284e-15
          ],
          "parentMatrixWorld": {
            "elements": [
              0.2326752178107574,
              -0.9725544935975139,
              -5.5511098291698624e-17,
              0,
              0.9725544935972842,
              0.23267521781070252,
              6.870134226510947e-7,
              0,
              -6.681579913482141e-7,
              -1.5985099780824501e-7,
              0.9999999999997639,
              0,
              0.05115472447883351,
              0.02045727661138419,
              7.654998301909188e-10,
              1
            ]
          }
        }
      },
      "children": [
        17
      ]
    },
    {
      "rotation": [
        2.6967740544453425e-7,
        -2.127697293282368e-7,
        -0.6194048684782644,
        0.7850717221409176
      ],
      "translation": [
        0.05115472447883351,
        0.02045727661138419,
        7.654998301909188e-10
      ],
      "scale": [
        1,
        0.9999999999999999,
        0.9999999999999999
      ],
      "name": "mixamorigRightHandThumb1",
      "extras": {
        "transformData": {
          "eulerOrder": "ZYX",
          "translation": [
            0.05115472447883351,
            0.02045727661138419,
            7.654998301909188e-10
          ],
          "preRotation": [
            0.00003936296958674825,
            3.1805546814635164e-15,
            -76.5453756612564
          ],
          "parentMatrixWorld": {
            "elements": [
              0.0025542124300470537,
              0.11705620226325295,
              0.9931220073639326,
              0,
              -0.32122787104908385,
              0.940587215693251,
              -0.11003792317056325,
              0,
              -0.9469984851414154,
              -0.31873740788636973,
              0.040004174203982716,
              0,
              0,
              0.2843399268311335,
              0,
              1
            ]
          }
        }
      },
      "children": [
        18
      ]
    },
    {
      "rotation": [
        -5.551115123125775e-17,
        -5.204170427930415e-17,
        -3.816391647148972e-17,
        1
      ],
      "translation": [
        -0.0020218228771300417,
        0.0190197226047073,
        1.1102230246251565e-16
      ],
      "name": "mixamorigRightHandIndex4",
      "extras": {
        "transformData": {
          "eulerOrder": "ZYX",
          "translation": [
            -0.0020218228771300417,
            0.0190197226047073,
            1.1102230246251565e-16
          ],
          "preRotation": [
            -6.361109362927025e-15,
            -5.963540027744087e-15,
            -4.3732626870123304e-15
          ],
          "parentMatrixWorld": {
            "elements": [
              1,
              6.938893903907228e-18,
              6.93889390390723e-18,
              0,
              -7.30980461513509e-18,
              0.9984882476523433,
              0.05496561925560914,
              0,
              -6.5470034143806255e-18,
              -0.05496561925560914,
              0.9984882476523433,
              0,
              -0.004746488811877114,
              0.04322103454419057,
              0,
              1
            ]
          }
        }
      }
    },
    {
      "rotation": [
        0.0274932023203611,
        -3.372749260943392e-18,
        3.563521674923033e-18,
        0.9996219904674825
      ],
      "translation": [
        -0.004746488811877114,
        0.04322103454419057,
        0
      ],
      "name": "mixamorigRightHandIndex3",
      "extras": {
        "transformData": {
          "eulerOrder": "ZYX",
          "translation": [
            -0.004746488811877114,
            0.04322103454419057,
            0
          ],
          "preRotation": [
            3.1508859481594707,
            -3.975693351829397e-16,
            3.975693351829397e-16
          ],
          "parentMatrixWorld": {
            "elements": [
              1,
              -5.204170427930422e-17,
              -1.3877787807814457e-17,
              0,
              5.32700898737403e-17,
              0.91760658434039,
              0.39748981920945187,
              0,
              -7.95169815680306e-18,
              -0.39748981920945187,
              0.91760658434039,
              0,
              0.0067683116890076,
              0.063741380163723,
              0,
              1
            ]
          }
        }
      },
      "children": [
        20
      ]
    },
    {
      "rotation": [
        0.20296972146062822,
        1.5130158153593957e-18,
        -2.6887613836593812e-17,
        0.9791850142696195
      ],
      "translation": [
        0.0067683116890076,
        0.063741380163723,
        0
      ],
      "name": "mixamorigRightHandIndex2",
      "extras": {
        "transformData": {
          "eulerOrder": "ZYX",
          "translation": [
            0.0067683116890076,
            0.063741380163723,
            0
          ],
          "preRotation": [
            23.421348455976872,
            7.951386703658792e-16,
            -2.9817700138720468e-15
          ],
          "parentMatrixWorld": {
            "elements": [
              0.8545609651570275,
              0.5193510920657523,
              -2.0816681711721685e-17,
              0,
              -0.5184132754384382,
              0.8530178443387193,
              -0.0600685698923667,
              0,
              -0.031196677372428604,
              0.05133225506282326,
              0.9981942530945997,
              0,
              0,
              0.11104289479495488,
              -9.394824751485231e-9,
              1
            ]
          }
        }
      },
      "children": [
        21
      ]
    },
    {
      "rotation": [
        -0.028934701154964475,
        -0.008102871205506363,
        0.26954380144925094,
        0.9625192287157626
      ],
      "translation": [
        0,
        0.11104289479495488,
        -9.394824751485231e-9
      ],
      "scale": [
        1,
        0.9999999999999999,
        1
      ],
      "name": "mixamorigRightHandIndex1",
      "extras": {
        "transformData": {
          "eulerOrder": "ZYX",
          "translation": [
            0,
            0.11104289479495488,
            -9.394824751485231e-9
          ],
          "preRotation": [
            -3.4437486320073374,
            7.95138670365879e-16,
            31.28873409635351
          ],
          "parentMatrixWorld": {
            "elements": [
              0.0025542124300470537,
              0.11705620226325295,
              0.9931220073639326,
              0,
              -0.32122787104908385,
              0.940587215693251,
              -0.11003792317056325,
              0,
              -0.9469984851414154,
              -0.31873740788636973,
              0.040004174203982716,
              0,
              0,
              0.2843399268311335,
              0,
              1
            ]
          }
        }
      },
      "children": [
        22
      ]
    },
    {
      "rotation": [
        0.07409929576725623,
        -0.6888448354054818,
        0.15561390207873832,
        0.7041210127398702
      ],
      "translation": [
        0,
        0.2843399268311335,
        0
      ],
      "scale": [
        1,
        0.9999999999999999,
        0.9999999999999999
      ],
      "name": "mixamorigRightHand",
      "extras": {
        "transformData": {
          "eulerOrder": "ZYX",
          "translation": [
            0,
            0.2843399268311335,
            0
          ],
          "preRotation": [
            -70.02131583199538,
            -83.27615457537398,
            88.74998189299858
          ],
          "parentMatrixWorld": {
            "elements": [
              0.9867483874718087,
              0.16225788061535057,
              -2.949029909160572e-17,
              0,
              -0.1595124355193664,
              0.9700523508227358,
              -0.18317810889395025,
              0,
              -0.02972209172426024,
              0.1807507035712408,
              0.9830797426567369,
              0,
              0,
              0.34235709404194337,
              -1.1102230246251565e-16,
              1
            ]
          }
        }
      },
      "children": [
        19,
        23
      ]
    },
    {
      "rotation": [
        -0.09167373395953711,
        -0.007487000303696496,
        0.08105400107673968,
        0.9924566087430826
      ],
      "translation": [
        0,
        0.34235709404194337,
        -1.1102230246251565e-16
      ],
      "name": "mixamorigRightForeArm",
      "extras": {
        "transformData": {
          "eulerOrder": "ZYX",
          "translation": [
            0,
            0.34235709404194337,
            -1.1102230246251565e-16
          ],
          "preRotation": [
            -10.55493067685066,
            1.5902773407317588e-15,
            9.337976054206413
          ],
          "parentMatrixWorld": {
            "elements": [
              -0.9855422732157479,
              1.3877787807814457e-16,
              0.1694297131696073,
              0,
              -0.12569254110404593,
              0.6705586262714383,
              -0.7311309826862553,
              0,
              -0.11361255571257578,
              -0.7418565418818934,
              -0.6608638728599823,
              0,
              2.220446049250313e-16,
              0.12378814151680625,
              -2.220446049250313e-16,
              1
            ]
          }
        }
      },
      "children": [
        24
      ]
    },
    {
      "rotation": [
        -0.03450714916070328,
        0.9106268132922466,
        -0.4043883573015943,
        -0.07770534118660599
      ],
      "translation": [
        2.220446049250313e-16,
        0.12378814151680625,
        -2.220446049250313e-16
      ],
      "name": "mixamorigRightArm",
      "extras": {
        "transformData": {
          "eulerOrder": "ZYX",
          "translation": [
            2.220446049250313e-16,
            0.12378814151680625,
            -2.220446049250313e-16
          ],
          "preRotation": [
            -132.11019449628748,
            -9.754663040366092,
            180
          ],
          "parentMatrixWorld": {
            "elements": [
              0.017442087323545127,
              -0.0008273351789228055,
              -0.9998475329300461,
              0,
              0.7893240094865345,
              -0.6138108520659887,
              0.014277462454020505,
              0,
              -0.6137290783708224,
              -0.7894526923144454,
              -0.01005310696125816,
              0,
              0.04938185214996338,
              0.14435542859052664,
              0.0007420053844433561,
              1
            ]
          }
        }
      },
      "children": [
        25
      ]
    },
    {
      "rotation": [
        0.6405673357170955,
        0.30773371913544184,
        -0.6297451186355448,
        0.3136790271504848
      ],
      "translation": [
        0.04938185214996338,
        0.14435542859052664,
        0.0007420053844433561
      ],
      "scale": [
        0.9999999999999999,
        0.9999999999999999,
        0.9999999999999999
      ],
      "name": "mixamorigRightShoulder",
      "extras": {
        "transformData": {
          "eulerOrder": "ZYX",
          "translation": [
            0.04938185214996338,
            0.14435542859052664,
            0.0007420053844433561
          ],
          "preRotation": [
            125.15030357439207,
            88.99946755701859,
            -2.7156905172549557
          ],
          "parentMatrixWorld": {
            "elements": [
              1,
              0,
              0,
              0,
              0,
              1,
              -6.938893903907227e-18,
              0,
              0,
              6.938893903907227e-18,
              1,
              0,
              0,
              0.158835679263172,
              0,
              1
            ]
          }
        }
      },
      "children": [
        26
      ]
    },
    {
      "rotation": [
        -3.4694469519536134e-18,
        0,
        0,
        1
      ],
      "translation": [
        0,
        0.158835679263172,
        0
      ],
      "name": "mixamorigSpine2",
      "extras": {
        "transformData": {
          "eulerOrder": "ZYX",
          "translation": [
            0,
            0.158835679263172,
            0
          ],
          "preRotation": [
            -3.975693351829395e-16,
            0,
            0
          ],
          "parentMatrixWorld": {
            "elements": [
              1,
              0,
              0,
              0,
              0,
              0.9999999999999523,
              3.0896833527749296e-7,
              0,
              0,
              -3.0896833527749296e-7,
              0.9999999999999523,
              0,
              0,
              0.1389811746383326,
              2.220446049250313e-16,
              1
            ]
          }
        }
      },
      "children": [
        3,
        15,
        27
      ]
    },
    {
      "rotation": [
        1.5448416763874833e-7,
        0,
        0,
        0.999999999999988
      ],
      "translation": [
        0,
        0.1389811746383326,
        2.220446049250313e-16
      ],
      "name": "mixamorigSpine1",
      "extras": {
        "transformData": {
          "eulerOrder": "ZYX",
          "translation": [
            0,
            0.1389811746383326,
            2.220446049250313e-16
          ],
          "preRotation": [
            0.000017702581614583613,
            0,
            0
          ],
          "parentMatrixWorld": {
            "elements": [
              1,
              0,
              0,
              0,
              0,
              0.9992515627747808,
              0.03868222191341184,
              0,
              0,
              -0.03868222191341184,
              0.9992515627747808,
              0,
              0,
              0.11903762817382812,
              0.004608035087585449,
              1
            ]
          }
        }
      },
      "children": [
        28
      ]
    },
    {
      "rotation": [
        0.019344730874572363,
        0,
        0,
        0.999812873185473
      ],
      "translation": [
        0,
        0.11903762817382812,
        0.004608035087585449
      ],
      "name": "mixamorigSpine",
      "extras": {
        "transformData": {
          "eulerOrder": "ZYX",
          "translation": [
            0,
            0.11903762817382812,
            0.004608035087585449
          ],
          "preRotation": [
            2.216881150886607,
            0,
            0
          ],
          "parentMatrixWorld": {
            "elements": [
              -1,
              1.224646799147353e-16,
              -1.2246467991473535e-16,
              0,
              1.224646799147353e-16,
              1,
              1.224646799147353e-16,
              0,
              1.2246467991473535e-16,
              1.224646799147353e-16,
              -1,
              0,
              1.0499998331069942,
              0.8670533895492554,
              -1.0223644971847539,
              1
            ]
          }
        }
      },
      "children": [
        29
      ]
    },
    {
      "rotation": [
        -1.3877787807814457e-17,
        1.9081958235744878e-17,
        2.6481536735324493e-34,
        1
      ],
      "translation": [
        2.220446049250313e-16,
        0.15660153604554294,
        0
      ],
      "name": "mixamorigLeftToe_End",
      "extras": {
        "transformData": {
          "eulerOrder": "ZYX",
          "translation": [
            2.220446049250313e-16,
            0.15660153604554294,
            0
          ],
          "preRotation": [
            -1.5902773407317584e-15,
            2.1866313435061676e-15,
            0
          ],
          "parentMatrixWorld": {
            "elements": [
              0.9999925565692706,
              2.797241605012601e-17,
              -0.003858342397184133,
              0,
              0.0023488914437985358,
              0.7933371489557646,
              0.6087779979563356,
              0,
              0.003060966357077228,
              -0.6087825293869223,
              0.7933312438056515,
              0,
              0,
              0.3348502077864448,
              -1.1102230246251565e-16,
              1
            ]
          }
        }
      }
    },
    {
      "rotation": [
        0.32145145971353695,
        0.0018267854856622754,
        -0.0006201372057988874,
        0.9469240926983914
      ],
      "translation": [
        0,
        0.3348502077864448,
        -1.1102230246251565e-16
      ],
      "scale": [
        0.9999999999999999,
        1,
        1
      ],
      "name": "mixamorigLeftToeBase",
      "extras": {
        "transformData": {
          "eulerOrder": "ZYX",
          "translation": [
            0,
            0.3348502077864448,
            -1.1102230246251565e-16
          ],
          "preRotation": [
            37.50152387957854,
            0.22106728377498286,
            1.5902891779390936e-15
          ],
          "parentMatrixWorld": {
            "elements": [
              -0.9394372942161535,
              1.1102230246251565e-16,
              -0.3427208342599447,
              0,
              0.32367782684518814,
              0.3286959249173371,
              -0.8872382168006024,
              0,
              0.11265094160551385,
              -0.9444358045641515,
              -0.30878921032421935,
              0,
              -1.1102230246251565e-16,
              0.23889574217454967,
              0,
              1
            ]
          }
        }
      },
      "children": [
        31
      ]
    },
    {
