{
  "asset": {
    "version": "2.0",
    "generator": "GLTFExporter"
  },
  "scenes": [
    {
      "name": "AuxScene",
      "nodes": [
        34
      ]
    }
  ],
  "scene": 0,
  "nodes": [
    {
      "name": "unamed",
      "extras": {
        "transformData": {
          "eulerOrder": "ZYX",
          "parentMatrixWorld": {
            "elements": [
              1,
              0,
              0,
              0,
              0,
              1,
              0,
              0,
              0,
              0,
              1,
              0,
              -1.050000000745058,
              -1.100000023841858,
              1.0999999940395355,
              1
            ]
          }
        }
      },
      "mesh": 0,
      "skin": 0
    },
    {
      "rotation": [
        1.4636729328554313e-17,
        2.888805866610792e-18,
        -4.228266955232194e-35,
        1
      ],
      "translation": [
        -1.1102230246251565e-16,
        0.1489642416129655,
        0
      ],
      "name": "mixamorigLeftToe_End",
      "extras": {
        "transformData": {
          "eulerOrder": "ZYX",
          "translation": [
            -1.1102230246251565e-16,
            0.1489642416129655,
            0
          ],
          "preRotation": [
            1.6772456328030267e-15,
            3.3103276797886127e-16,
            0
          ],
          "parentMatrixWorld": {
            "elements": [
              0.9819467873667294,
              0.0016681530712758935,
              0.18915000369445312,
              0,
              -0.13862805769417447,
              0.6866869265815034,
              0.7136128669773018,
              0,
              -0.12869641895647863,
              -0.72695135983156,
              0.674521274327761,
              0,
              -1.1102230246251565e-16,
              0.30935618529389464,
              0,
              1
            ]
          }
        }
      }
    },
    {
      "rotation": [
        0.39393482533836255,
        -0.08691787055464031,
        0.038365219859686855,
        0.9142148232080761
      ],
      "translation": [
        -1.1102230246251565e-16,
        0.30935618529389464,
        0
      ],
      "scale": [
        1,
        1,
        0.9999999999999999
      ],
      "name": "mixamorigLeftToeBase",
      "extras": {
        "transformData": {
          "eulerOrder": "ZYX",
          "translation": [
            -1.1102230246251565e-16,
            0.30935618529389464,
            0
          ],
          "preRotation": [
            41.58048828136279,
            -10.830042631799163,
            6.57765724681191e-16
          ],
          "parentMatrixWorld": {
            "elements": [
              -0.99219481220775,
              -0.06328619529697362,
              -0.1074447081396227,
              0,
              0.0838449633856385,
              0.29920391349511544,
              -0.9504983213958297,
              0,
              0.0923012997591926,
              -0.952088175720223,
              -0.2915623607446556,
              0,
              -1.6653345369377348e-16,
              0.24183588664457023,
              0,
              1
            ]
          }
        }
      },
      "children": [
        1
      ]
    },
    {
      "rotation": [
        -0.006395995657250701,
        -0.8035796610242697,
        0.5919097350880409,
        -0.06214256581737407
      ],
      "translation": [
        -1.6653345369377348e-16,
        0.24183588664457023,
        0
      ],
      "name": "mixamorigLeftFoot",
      "extras": {
        "transformData": {
          "eulerOrder": "ZYX",
          "translation": [
            -1.6653345369377348e-16,
            0.24183588664457023,
            0
          ],
          "preRotation": [
            -113.3801526375541,
            12.18679833392595,
            180
          ],
          "parentMatrixWorld": {
            "elements": [
              0.9391543055825654,
              0.01061956249356788,
              -0.3433313470861805,
              0,
              0.2545070754909459,
              0.6497452657707735,
              0.7162801341756313,
              0,
              0.23068449779864297,
              -0.7600778295556709,
              0.607508310287014,
              0,
              -1.1102230246251565e-16,
              0.36459377601070503,
              0,
              1
            ]
          }
        }
      },
      "children": [
        2
      ]
    },
    {
      "rotation": [
        0.41288640372527946,
        0.16053243434053596,
        -0.06820692584641812,
        0.8939250302327831
      ],
      "translation": [
        -1.1102230246251565e-16,
        0.36459377601070503,
        0
      ],
      "name": "mixamorigLeftLeg",
      "extras": {
        "transformData": {
          "eulerOrder": "ZYX",
          "translation": [
            -1.1102230246251565e-16,
            0.36459377601070503,
            0
          ],
          "preRotation": [
            33.514506565780856,
            19.686240400215926,
            8.444983569033376e-16
          ],
          "parentMatrixWorld": {
            "elements": [
              -0.948020493521075,
              0.12229222871777976,
              0.29377161268570123,
              0,
              -0.2283356193804294,
              -0.9044389201192994,
              -0.3603513428965882,
              0,
              0.22163031053282195,
              -0.4086989799356699,
              0.8853502976741514,
              0,
              -0.1944771409034729,
              -0.06862545013427734,
              0.021731853485107422,
              1
            ]
          }
        }
      },
      "children": [
        3
      ]
    },
    {
      "rotation": [
        0.13329303144207588,
        -0.19889147526202844,
        0.9666707959944955,
        0.09067922853133492
      ],
      "translation": [
        -0.1944771409034729,
        -0.06862545013427734,
        0.021731853485107422
      ],
      "scale": [
        1,
        0.9999999999999999,
        1
      ],
      "name": "mixamorigLeftUpLeg",
      "extras": {
        "transformData": {
          "eulerOrder": "ZYX",
          "translation": [
            -0.1944771409034729,
            -0.06862545013427734,
            0.021731853485107422
          ],
          "preRotation": [
            -14.043225642326325,
            -0.15778096955295057,
            179.3692291113052
          ],
          "parentMatrixWorld": {
            "elements": [
              -0.9970122618338999,
              0.07638254742642088,
              0.011500911798914827,
              0,
              0.07586289383905949,
              0.9963022016163274,
              -0.040332919807185584,
              0,
              -0.014539114894636536,
              -0.03933992285782776,
              -0.9991201125960361,
              0,
              -0.011669535188631421,
              0.8344201839174977,
              0.02371824653349614,
              1
            ]
          }
        }
      },
      "children": [
        4
      ]
    },
    {
      "rotation": [
        1.5612511283791267e-17,
        -4.2427880327967935e-18,
        6.624057603677449e-35,
        1
      ],
      "translation": [
        2.220446049250313e-16,
        0.14823503452050346,
        0
      ],
      "name": "mixamorigRightToe_End",
      "extras": {
        "transformData": {
          "eulerOrder": "ZYX",
          "translation": [
            2.220446049250313e-16,
            0.14823503452050346,
            0
          ],
          "preRotation": [
            1.7890620083232284e-15,
            -4.861876952957388e-16,
            0
          ],
          "parentMatrixWorld": {
            "elements": [
              0.9845997019326554,
              -0.0024709153488965824,
              -0.17480652653208795,
              0,
              0.12909055089372198,
              0.6845680524089929,
              0.7174274981598767,
              0,
              0.11789426114459664,
              -0.7289447715865196,
              0.6743444721467263,
              0,
              0,
              0.32283550152022833,
              0,
              1
            ]
          }
        }
      }
    },
    {
      "rotation": [
        0.39550195238991426,
        0.08003730119389821,
        -0.03597470571484253,
        0.9142636724081571
      ],
      "translation": [
        0,
        0.32283550152022833,
        0
      ],
      "scale": [
        1,
        0.9999999999999999,
        0.9999999999999999
      ],
      "name": "mixamorigRightToeBase",
      "extras": {
        "transformData": {
          "eulerOrder": "ZYX",
          "translation": [
            0,
            0.32283550152022833,
            0
          ],
          "preRotation": [
            39.484229737696054,
            9.962667026312944,
            1.1100545278701003e-15
          ],
          "parentMatrixWorld": {
            "elements": [
              -0.9387049757582006,
              0.11109751253488186,
              0.3263283819086751,
              0,
              -0.3073617763392243,
              0.15887797955784388,
              -0.9382358356962348,
              0,
              -0.15608205718841944,
              -0.981027567221012,
              -0.11499237891878122,
              0,
              2.220446049250313e-16,
              0.25016310241169876,
              1.1102230246251565e-16,
              1
            ]
          }
        }
      },
      "children": [
        6
      ]
    },
    {
      "rotation": [
        0.06597238741082621,
        -0.7437364005874033,
        0.6451423519816335,
        0.16215773448633367
      ],
      "translation": [
        2.220446049250313e-16,
        0.25016310241169876,
        1.1102230246251565e-16
      ],
      "scale": [
        0.9999999999999999,
        1,
        1
      ],
      "name": "mixamorigRightFoot",
      "extras": {
        "transformData": {
          "eulerOrder": "ZYX",
          "translation": [
            2.220446049250313e-16,
            0.25016310241169876,
            1.1102230246251565e-16
          ],
          "preRotation": [
            -106.10668247443893,
            -9.592894313670987,
            180
          ],
          "parentMatrixWorld": {
            "elements": [
              0.9762117299738631,
              0.1541483302960151,
              0.15247605964430477,
              0,
              -0.2165696393998004,
              0.7269862139149221,
              0.6516046468724863,
              0,
              -0.01040421971814219,
              -0.6691257854862027,
              0.7430763193376761,
              0,
              4.440892098500626e-16,
              0.368204604220179,
              0,
              1
            ]
          }
        }
      },
      "children": [
        7
      ]
    },
    {
      "rotation": [
        0.35572081634382346,
        -0.0438695925539059,
        0.09984785356843051,
        0.9282071583084777
      ],
      "translation": [
        4.440892098500626e-16,
        0.368204604220179,
        0
      ],
      "name": "mixamorigRightLeg",
      "extras": {
        "transformData": {
          "eulerOrder": "ZYX",
          "translation": [
            4.440892098500626e-16,
            0.368204604220179,
            0
          ],
          "preRotation": [
            40.504043894168596,
            -16.126958189525308,
            -1.6554205070414924e-15
          ],
          "parentMatrixWorld": {
            "elements": [
              -0.969669594905362,
              0.18509939686357,
              -0.15962138573859982,
              0,
              -0.16950750473692894,
              -0.9797656606036572,
              -0.10642533720405566,
              0,
              -0.1760908269678698,
              -0.07614039559839161,
              0.9814248110999348,
              0,
              0.19447708129882812,
              -0.06862545013427734,
              0.028570055961608776,
              1
            ]
          }
        }
      },
      "children": [
        8
      ]
    },
    {
      "rotation": [
        0.08466294141825065,
        0.04604107731626687,
        -0.9913198356999816,
        -0.08942797491540841
      ],
      "translation": [
        0.19447708129882812,
        -0.06862545013427734,
        0.028570055961608776
      ],
      "scale": [
        1,
        0.9999999999999999,
        1
      ],
      "name": "mixamorigRightUpLeg",
      "extras": {
        "transformData": {
          "eulerOrder": "ZYX",
          "translation": [
            0.19447708129882812,
            -0.06862545013427734,
            0.028570055961608776
          ],
          "preRotation": [
            -16.137126322028408,
            0.17895576551774295,
            -179.38152271177177
          ],
          "parentMatrixWorld": {
            "elements": [
              -0.9970122618338999,
              0.07638254742642088,
              0.011500911798914827,
              0,
              0.07586289383905949,
              0.9963022016163274,
              -0.040332919807185584,
              0,
              -0.014539114894636536,
              -0.03933992285782776,
              -0.9991201125960361,
              0,
              -0.011669535188631421,
              0.8344201839174977,
              0.02371824653349614,
              1
            ]
          }
        }
      },
      "children": [
        9
      ]
    },
    {
      "translation": [
        0,
        0.5361377000808718,
        -0.11459326744079579
      ],
      "name": "mixamorigHeadTop_End",
      "extras": {
        "transformData": {
          "eulerOrder": "ZYX",
          "translation": [
            0,
            0.5361377000808718,
            -0.11459326744079579
          ],
          "parentMatrixWorld": {
            "elements": [
              0.7964676503159998,
              0.2985471494496977,
              -0.5258411279761451,
              0,
              -0.38234681405367615,
              0.9223532807962751,
              -0.05545577627920446,
              0,
              0.4684551270919856,
              0.2452224070006358,
              0.8487730984607709,
              0,
              0,
              0.19212627410888672,
              -0.04106473922729492,
              1
            ]
          }
        }
      }
    },
    {
      "rotation": [
        -0.07959470940168356,
        0.2632073954220818,
        0.1802443947453678,
        0.9444037975012709
      ],
      "translation": [
        0,
        0.19212627410888672,
        -0.04106473922729492
      ],
      "name": "mixamorigHead",
      "extras": {
        "transformData": {
          "eulerOrder": "ZYX",
          "translation": [
            0,
            0.19212627410888672,
            -0.04106473922729492
          ],
          "parentMatrixWorld": {
            "elements": [
              0.9415794360873349,
              0.2762740168387867,
              -0.19261577506176863,
              0,
              -0.3241636753958887,
              0.8985664661279473,
              -0.2957976061998924,
              0,
              0.09135688664087102,
              0.3409559794159937,
              0.9356297041995069,
              0,
              0,
              0.1863116969135281,
              6.769757576741142e-8,
              1
            ]
          }
        }
      },
      "children": [
        11
      ]
    },
    {
      "rotation": [
        -0.16384692990706334,
        0.0730707291620688,
        0.15450226696089653,
        0.9715677705665027
      ],
      "translation": [
        0,
        0.1863116969135281,
        6.769757576741142e-8
      ],
      "scale": [
        1,
        0.9999999999999999,
        0.9999999999999999
      ],
      "name": "mixamorigNeck",
      "extras": {
        "transformData": {
          "eulerOrder": "ZYX",
          "translation": [
            0,
            0.1863116969135281,
            6.769757576741142e-8
          ],
          "preRotation": [
            -6.535592643121275,
            0,
            0
          ],
          "parentMatrixWorld": {
            "elements": [
              0.9988795521117009,
              0.020265490516001402,
              0.04276622714078974,
              0,
              -0.01920611412772991,
              0.9995019747915753,
              -0.025038520938272676,
              0,
              -0.043252346408309196,
              0.02418909350946337,
              0.9987713062527833,
              0,
              0,
              0.16561044318801676,
              0,
              1
            ]
          }
        }
      },
      "children": [
        12
      ]
    },
    {
      "rotation": [
        3.4694469519536134e-18,
        -9.629649721936177e-35,
        -2.7755575615628914e-17,
        1
      ],
      "translation": [
        -0.0023049704524455983,
        0.003786720111718822,
        0.002822568350651755
      ],
      "name": "mixamorigLeftHandIndex4",
      "extras": {
        "transformData": {
          "eulerOrder": "ZYX",
          "translation": [
            -0.0023049704524455983,
            0.003786720111718822,
            0.002822568350651755
          ],
          "preRotation": [
            3.975693351829395e-16,
            0,
            -3.1805546814635168e-15
          ],
          "parentMatrixWorld": {
            "elements": [
              0.9432891310884101,
              0.013155669025255223,
              -0.33171153842038253,
              0,
              0.15096517195390458,
              0.872919058928248,
              0.46392007507439464,
              0,
              0.29566050328991694,
              -0.48768765370122086,
              0.8214290127161383,
              0,
              -0.019967488209532425,
              0.041062106858756386,
              0.03396538878403854,
              1
            ]
          }
        }
      }
    },
    {
      "rotation": [
        0.24946996785386,
        0.16446953754700255,
        -0.03612763035226783,
        0.9536295460352459
      ],
      "translation": [
        -0.019967488209532425,
        0.041062106858756386,
        0.03396538878403854
      ],
      "name": "mixamorigLeftHandIndex3",
      "extras": {
        "transformData": {
          "eulerOrder": "ZYX",
          "translation": [
            -0.019967488209532425,
            0.041062106858756386,
            0.03396538878403854
          ],
          "preRotation": [
            0,
            0,
            -3.1805546814635168e-15
          ],
          "parentMatrixWorld": {
            "elements": [
              0.8882631243937491,
              -0.45435556531698545,
              -0.0674510830617527,
              0,
              0.4306278571208891,
              0.8748205923549935,
              -0.22192022698121647,
              0,
              0.15983828393783528,
              0.16807724039085734,
              0.9727290300162963,
              0,
              -2.220446049250313e-16,
              0.04254114197513581,
              0,
              1
            ]
          }
        }
      },
      "children": [
        14
      ]
    },
    {
      "rotation": [
        -0.10088793538186216,
        0.05879718944164807,
        -0.22893520549904164,
        0.9664125494686958
      ],
      "translation": [
        -2.220446049250313e-16,
        0.04254114197513581,
        0
      ],
      "name": "mixamorigLeftHandIndex2",
      "extras": {
        "transformData": {
          "eulerOrder": "ZYX",
          "translation": [
            -2.220446049250313e-16,
            0.04254114197513581,
            0
          ],
          "preRotation": [
            -7.951386703658796e-16,
            -7.95138670365879e-16,
            -3.180554681463516e-15
          ],
          "parentMatrixWorld": {
            "elements": [
              0.950653118358635,
              0.19852543620018434,
              0.23842461569366508,
              0,
              -0.2943466638960169,
              0.8200320263743301,
              0.4908232966538188,
              0,
              -0.09807490831211925,
              -0.5367821888497828,
              0.8380013044857805,
              0,
              0,
              0.11819981054817931,
              2.220446049250313e-16,
              1
            ]
          }
        }
      },
      "children": [
        15
      ]
    },
    {
      "rotation": [
        0.27047171178263923,
        -0.08856862244880338,
        0.12972678959337516,
        0.9498271360161892
      ],
      "translation": [
        0,
        0.11819981054817931,
        2.220446049250313e-16
      ],
      "name": "mixamorigLeftHandIndex1",
      "extras": {
        "transformData": {
          "eulerOrder": "ZYX",
          "translation": [
            0,
            0.11819981054817931,
            2.220446049250313e-16
          ],
          "preRotation": [
            11.888564502802383,
            0,
            6.304973734975116
          ],
          "parentMatrixWorld": {
            "elements": [
              0.7849488584386,
              -0.018601412362576786,
              0.6192812465371362,
              0,
              -0.018755134265231413,
              0.9983776946765893,
              0.05376079984006568,
              0,
              -0.6192766100807983,
              -0.053814181391784066,
              0.7833265597405671,
              0,
              0,
              0.21593377517757917,
              0,
              1
            ]
          }
        }
      },
      "children": [
        16
      ]
    },
    {
      "rotation": [
        0.028480712866094385,
        -0.32791091644584747,
        0.00004069821180168517,
        0.9442792192178169
      ],
      "translation": [
        0,
        0.21593377517757917,
        0
      ],
      "name": "mixamorigLeftHand",
      "extras": {
        "transformData": {
          "eulerOrder": "ZYX",
          "translation": [
            0,
            0.21593377517757917,
            0
          ],
          "preRotation": [
            -6.6865841592798025,
            7.951386703658794e-16,
            3.2421795057571523
          ],
          "parentMatrixWorld": {
            "elements": [
              -0.43355746283360713,
              0.8457678067376255,
              0.31097389237374834,
              0,
              -0.9010021233330062,
              -0.4125875017738274,
              -0.1340400876355237,
              0,
              0.01493714836464452,
              -0.33830221463973764,
              0.9409189624616542,
              0,
              0,
              0.1974360102426549,
              0,
              1
            ]
          }
        }
      },
      "children": [
        17
      ]
    },
    {
      "rotation": [
        0.09761029207845598,
        -0.14146642587388508,
        0.8347250935291644,
        0.5231572477009767
      ],
      "translation": [
        0,
        0.1974360102426549,
        0
      ],
      "scale": [
        0.9999999999999999,
        1,
        1
      ],
      "name": "mixamorigLeftForeArm",
      "extras": {
        "transformData": {
          "eulerOrder": "ZYX",
          "translation": [
            0,
            0.1974360102426549,
            0
          ],
          "preRotation": [
            2.933844005120358,
            0,
            5.804320062862236
          ],
          "parentMatrixWorld": {
            "elements": [
              0.050422526757831876,
              0.9853869901296727,
              0.162696191782359,
              0,
              -0.8543103318173203,
              -0.04182397508460589,
              0.5180778075036141,
              0,
              0.5173117320218805,
              -0.16511583013374626,
              0.8397174137452854,
              0,
              0,
              0.23762436264275577,
              2.220446049250313e-16,
              1
            ]
          }
        }
      },
      "children": [
        18
      ]
    },
    {
      "rotation": [
        0.25126136198048454,
        0.1304186378669446,
        0.6765942029887744,
        0.6797639241588048
      ],
      "translation": [
        0,
        0.23762436264275577,
        2.220446049250313e-16
      ],
      "name": "mixamorigLeftArm",
      "extras": {
        "transformData": {
          "eulerOrder": "ZYX",
          "translation": [
            0,
            0.23762436264275577,
            2.220446049250313e-16
          ],
          "preRotation": [
            -9.473402212360416,
            7.951386703658792e-16,
            1.6325141316272824
          ],
          "parentMatrixWorld": {
            "elements": [
              0.1270945224442399,
              0.020542395729475083,
              0.9916778817078187,
              0,
              -0.9543149267415831,
              -0.2700456493128065,
              0.1278999987526246,
              0,
              0.27042564909604944,
              -0.9626283805604362,
              -0.014717426526209996,
              0,
              -0.11692225933074951,
              0.16687582900887743,
              0.0021876200301256254,
              1
            ]
          }
        }
      },
      "children": [
        19
      ]
    },
    {
      "rotation": [
        0.594108070615788,
        -0.3929304183851015,
        0.5310917294456666,
        0.45889310095667335
      ],
      "translation": [
        -0.11692225933074951,
        0.16687582900887743,
        0.0021876200301256254
      ],
      "scale": [
        1,
        1,
        0.9999999999999999
      ],
      "name": "mixamorigLeftShoulder",
      "extras": {
        "transformData": {
          "eulerOrder": "ZYX",
          "translation": [
            -0.11692225933074951,
            0.16687582900887743,
            0.0021876200301256254
          ],
          "preRotation": [
            96.84785727879846,
            -88.82006541019615,
            3.6003057529068183
          ],
          "parentMatrixWorld": {
            "elements": [
              0.9988795521117009,
              0.020265490516001402,
              0.04276622714078974,
              0,
              -0.01920611412772991,
              0.9995019747915753,
              -0.025038520938272676,
              0,
              -0.043252346408309196,
              0.02418909350946337,
              0.9987713062527833,
              0,
              0,
              0.16561044318801676,
              0,
              1
            ]
          }
        }
      },
      "children": [
        20
      ]
    },
    {
      "rotation": [
        -1.734723475976807e-18,
        6.938893903907227e-18,
        1.2037062152420221e-35,
        1
      ],
      "translation": [
        0.004165885153168736,
        0.005501827415486549,
        0.007247969869125903
      ],
      "name": "mixamorigRightHandIndex4",
      "extras": {
        "transformData": {
          "eulerOrder": "ZYX",
          "translation": [
            0.004165885153168736,
            0.005501827415486549,
            0.007247969869125903
          ],
          "preRotation": [
            -1.987846675914698e-16,
            7.95138670365879e-16,
            0
          ],
          "parentMatrixWorld": {
            "elements": [
              0.910310387919292,
              0.1228452021670684,
              0.3952771801760464,
              0,
              -0.25916690829349703,
              0.9137514730463228,
              0.3128749823043267,
              0,
              -0.32274991325945335,
              -0.3872561132001337,
              0.8636348701900964,
              0,
              0.015993186689280625,
              0.053994633199255126,
              0.04045885705772223,
              1
            ]
          }
        }
      }
    },
    {
      "rotation": [
        0.18229374967540213,
        -0.18695334641089897,
        0.09946482949324557,
        0.960168816472226
      ],
      "translation": [
        0.015993186689280625,
        0.053994633199255126,
        0.04045885705772223
      ],
      "name": "mixamorigRightHandIndex3",
      "extras": {
        "transformData": {
          "eulerOrder": "ZYX",
          "translation": [
            0.015993186689280625,
            0.053994633199255126,
            0.04045885705772223
          ],
          "preRotation": [
            -3.975693351829395e-16,
            1.590277340731758e-15,
            -3.180554681463516e-15
          ],
          "parentMatrixWorld": {
            "elements": [
              0.9158561032468885,
              0.3575437298719739,
              0.1826748065212847,
              0,
              -0.3862161826443141,
              0.9088779816394252,
              0.15740991321693695,
              0,
              -0.10974818436769529,
              -0.2147167942768958,
              0.9704906162526117,
              0,
              -1.1102230246251565e-16,
              0.039943843167393744,
              -2.220446049250313e-16,
              1
            ]
          }
        }
      },
      "children": [
        22
      ]
    },
    {
      "rotation": [
        0.09550851448280882,
        -0.07505208548055983,
        0.19089036864539424,
        0.974066839770642
      ],
      "translation": [
        -1.1102230246251565e-16,
        0.039943843167393744,
        -2.220446049250313e-16
      ],
      "name": "mixamorigRightHandIndex2",
      "extras": {
        "transformData": {
          "eulerOrder": "ZYX",
          "translation": [
            -1.1102230246251565e-16,
            0.039943843167393744,
            -2.220446049250313e-16
          ],
          "preRotation": [
            -3.975693351829397e-16,
            -7.951386703658794e-16,
            -3.1805546814635176e-15
          ],
          "parentMatrixWorld": {
            "elements": [
              0.9995799471579058,
              0.027903229363514602,
              -0.007831926029671463,
              0,
              -0.025576735806839036,
              0.9764131638923441,
              0.21439021875446201,
              0,
              0.013629374883475282,
              -0.21409984844274416,
              0.9767166922637104,
              0,
              1.1102230246251565e-16,
              0.10785591405402117,
              0,
              1
            ]
          }
        }
      },
      "children": [
        23
      ]
    },
    {
      "rotation": [
        0.10776141587072259,
        0.005397325048759973,
        0.013449732464444426,
        0.9940711704067854
      ],
      "translation": [
        1.1102230246251565e-16,
        0.10785591405402117,
        0
      ],
      "name": "mixamorigRightHandIndex1",
      "extras": {
        "transformData": {
          "eulerOrder": "ZYX",
          "translation": [
            1.1102230246251565e-16,
            0.10785591405402117,
            0
          ],
          "preRotation": [
            9.464127787762921,
            -1.5902773407317588e-15,
            0.27679099257237705
          ],
          "parentMatrixWorld": {
            "elements": [
              0.9106325958738901,
              0.4131224167078114,
              -0.008840092645243644,
              0,
              -0.41194574127303213,
              0.9093001154569669,
              0.058940727986403846,
              0,
              0.03238803284380091,
              -0.050031709765433884,
              0.9982223416694153,
              0,
              0,
              0.21516909136093942,
              0,
              1
            ]
          }
        }
      },
      "children": [
        24
      ]
    },
    {
      "rotation": [
        0.027884308972556626,
        0.010549619823260935,
        0.21112178377571458,
        0.9770050053875012
      ],
      "translation": [
        0,
        0.21516909136093942,
        0
      ],
      "scale": [
        1,
        1,
        0.9999999999999999
      ],
      "name": "mixamorigRightHand",
      "extras": {
        "transformData": {
          "eulerOrder": "ZYX",
          "translation": [
            0,
            0.21516909136093942,
            0
          ],
          "preRotation": [
            -5.813100206225611,
            7.95138670365879e-16,
            -11.249541504969917
          ],
          "parentMatrixWorld": {
            "elements": [
              -0.40036953888945503,
              -0.8624601307262805,
              -0.309623518735367,
              0,
              0.9163212598007967,
              -0.37965461188962196,
              -0.12734870669412715,
              0,
              -0.007716818226666089,
              -0.3347011609887148,
              0.9422927264048099,
              0,
              0,
              0.19742843057396353,
              0,
              1
            ]
          }
        }
      },
      "children": [
        25
      ]
    },
    {
      "rotation": [
        0.09616697275488757,
        0.1400198205567904,
        -0.8249722536521891,
        0.5390427928491935
      ],
      "translation": [
        0,
        0.19742843057396353,
        0
      ],
      "scale": [
        1,
        0.9999999999999999,
        1
      ],
      "name": "mixamorigRightForeArm",
      "extras": {
        "transformData": {
          "eulerOrder": "ZYX",
          "translation": [
            0,
            0.19742843057396353,
            0
          ],
          "preRotation": [
            2.735548590963024,
            7.951386703658792e-16,
            -4.08630878851549
          ],
          "parentMatrixWorld": {
            "elements": [
              0.588230650387968,
              0.07938271981958267,
              0.8047876190142638,
              0,
              -0.43352478212248546,
              0.8710440742274018,
              0.23095127662650503,
              0,
              -0.6826719499219618,
              -0.4847479888393623,
              0.5467891958525963,
              0,
              0,
              0.23762436264275522,
              2.220446049250313e-16,
              1
            ]
          }
        }
      },
      "children": [
        26
      ]
    },
    {
      "rotation": [
        0.20639608784323524,
        -0.4289592719556361,
        0.14791422449956132,
        0.8669002316670181
      ],
      "translation": [
        0,
        0.23762436264275522,
        2.220446049250313e-16
      ],
      "name": "mixamorigRightArm",
      "extras": {
        "transformData": {
          "eulerOrder": "ZYX",
          "translation": [
            0,
            0.23762436264275522,
            2.220446049250313e-16
          ],
          "preRotation": [
            -9.508878712034093,
            7.951386703658794e-16,
            -1.3274375926020163
          ],
          "parentMatrixWorld": {
            "elements": [
              -0.20391831327078114,
              -0.06053870621232166,
              -0.9771143251186557,
              0,
              0.9767597600057725,
              -0.07988196943963133,
              -0.19889509332382566,
              0,
              -0.06601295732970469,
              -0.9949642968292711,
              0.07542115857792808,
              0,
              0.11692225933074951,
              0.1668846688539951,
              0.0022647801648880694,
              1
            ]
          }
        }
      },
      "children": [
        27
      ]
    },
    {
      "rotation": [
        0.44736520248867206,
        0.512009566622837,
        -0.5829282634442124,
        0.4448654025150755
      ],
      "translation": [
        0.11692225933074951,
        0.1668846688539951,
        0.0022647801648880694
      ],
      "name": "mixamorigRightShoulder",
      "extras": {
        "transformData": {
          "eulerOrder": "ZYX",
          "translation": [
            0.11692225933074951,
            0.1668846688539951,
            0.0022647801648880694
          ],
          "preRotation": [
            96.95399329870993,
            88.78229276597479,
            -3.489877607537246
          ],
          "parentMatrixWorld": {
            "elements": [
              0.9988795521117009,
              0.020265490516001402,
              0.04276622714078974,
              0,
              -0.01920611412772991,
              0.9995019747915753,
              -0.025038520938272676,
              0,
              -0.043252346408309196,
              0.02418909350946337,
              0.9987713062527833,
              0,
              0,
              0.16561044318801676,
              0,
              1
            ]
          }
        }
      },
      "children": [
        28
      ]
    },
    {
      "rotation": [
        -0.012311286156837768,
        -0.021512301289559155,
        0.00987141516586106,
        0.9996440221721821
      ],
      "translation": [
        0,
        0.16561044318801676,
        0
      ],
      "name": "mixamorigSpine2",
      "extras": {
        "transformData": {
          "eulerOrder": "ZYX",
          "translation": [
            0,
            0.16561044318801676,
            0
          ],
          "parentMatrixWorld": {
            "elements": [
              0.9988116111739788,
              0.019757055371599642,
              0.044553609580524456,
              0,
              -0.01869081355414507,
              0.9995318498573161,
              -0.024222605174661675,
              0,
              -0.04501131915745685,
              0.02336107608409564,
              0.9987132928172018,
              0,
              0,
              0.14490910131779677,
              0,
              1
            ]
          }
        }
      },
      "children": [
        13,
        21,
        29
      ]
    },
    {
      "rotation": [
        -0.011900299360318488,
        -0.022399474693257586,
        0.00961550552372286,
        0.9996320222293096
      ],
      "translation": [
        0,
        0.14490910131779677,
        0
      ],
      "name": "mixamorigSpine1",
      "extras": {
        "transformData": {
          "eulerOrder": "ZYX",
          "translation": [
            0,
            0.14490910131779677,
            0
          ],
          "preRotation": [
            0.000021402178953975007,
            0,
            0
          ],
          "parentMatrixWorld": {
            "elements": [
              0.9999553708273213,
              -0.0012167747597726143,
              0.00936887484056581,
              0,
              0.0007186433286013158,
              0.998594801266983,
              0.05298968322963681,
              0,
              -0.009420186216867667,
              -0.05298058546481887,
              0.9985511092341933,
              0,
              0,
              0.12340062856674194,
              0.0141373872756958,
              1
            ]
          }
        }
      },
      "children": [
        30
      ]
    },
    {
      "rotation": [
        0.026502171260790346,
        -0.004698968117267793,
        -0.0004840299290663304,
        0.9996376113080729
      ],
      "translation": [
        0,
        0.12340062856674194,
        0.0141373872756958
      ],
      "name": "mixamorigSpine",
      "extras": {
        "transformData": {
          "eulerOrder": "ZYX",
          "translation": [
            0,
            0.12340062856674194,
            0.0141373872756958
          ],
          "preRotation": [
            6.53557124094232,
            0,
            0
          ],
          "parentMatrixWorld": {
            "elements": [
              -0.9970122618338999,
