{
  "asset": {
    "version": "2.0",
    "generator": "GLTFExporter"
  },
  "scenes": [
    {
      "name": "AuxScene",
      "nodes": [
        34
      ]
    }
  ],
  "scene": 0,
  "nodes": [
    {
      "name": "unamed",
      "extras": {
        "transformData": {
          "eulerOrder": "ZYX",
          "parentMatrixWorld": {
            "elements": [
              1,
              0,
              0,
              0,
              0,
              1,
              0,
              0,
              0,
              0,
              1,
              0,
              -1.050000000745058,
              -1.100000023841858,
              0.8499999940395355,
              1
            ]
          }
        }
      },
      "mesh": 0,
      "skin": 0
    },
    {
      "rotation": [
        -3.1236033995896846e-17,
        -9.927689362963432e-19,
        4.336808689942018e-19,
        1
      ],
      "translation": [
        -2.220446049250313e-16,
        0.14969319448758922,
        6.938893903907228e-18
      ],
      "name": "mixamorigRightToe_End",
      "extras": {
        "transformData": {
          "eulerOrder": "ZYX",
          "translation": [
            -2.220446049250313e-16,
            0.14969319448758922,
            6.938893903907228e-18
          ],
          "preRotation": [
            -3.579385833384099e-15,
            -1.137629401629451e-16,
            4.969616689786746e-17
          ],
          "parentMatrixWorld": {
            "elements": [
              0.990064904153191,
              -1.3877787807814457e-17,
              -0.14061111465361723,
              0,
              0.08612328584872858,
              0.7904762188117582,
              0.6064075586003884,
              0,
              0.11114974223429794,
              -0.612492732604286,
              0.7826227618132403,
              0,
              0,
              0.3242013458306784,
              -1.1102230246251565e-16,
              1
            ]
          }
        }
      }
    },
    {
      "rotation": [
        0.32286449306488957,
        0.0666868668579634,
        -0.02281249026460623,
        0.9438172339995426
      ],
      "translation": [
        0,
        0.3242013458306784,
        -1.1102230246251565e-16
      ],
      "name": "mixamorigRightToeBase",
      "extras": {
        "transformData": {
          "eulerOrder": "ZYX",
          "translation": [
            0,
            0.3242013458306784,
            -1.1102230246251565e-16
          ],
          "preRotation": [
            37.76996282694998,
            8.083210351156845,
            -6.023382914319895e-16
          ],
          "parentMatrixWorld": {
            "elements": [
              -0.9858536138043132,
              -1.249000902703301e-16,
              0.16760862790732634,
              0,
              -0.1624577910314124,
              0.24600458298622474,
              -0.9555570162386794,
              0,
              -0.041232490613235,
              -0.9692686651025989,
              -0.2425245071493929,
              0,
              0,
              0.2509494342581149,
              0,
              1
            ]
          }
        }
      },
      "children": [
        1
      ]
    },
    {
      "rotation": [
        -0.05163891545834157,
        0.7865085352270391,
        -0.6118260626331424,
        -0.06638234334617735
      ],
      "translation": [
        0,
        0.2509494342581149,
        0
      ],
      "name": "mixamorigRightFoot",
      "extras": {
        "transformData": {
          "eulerOrder": "ZYX",
          "translation": [
            0,
            0.2509494342581149,
            0
          ],
          "preRotation": [
            -104.24120922396285,
            -9.648808634692928,
            -180
          ],
          "parentMatrixWorld": {
            "elements": [
              0.9666894573883679,
              -1.3877787807814457e-17,
              0.2559521302395877,
              0,
              -0.15977459691940088,
              0.7812356297961927,
              0.6034425978634498,
              0,
              -0.19995892366540138,
              -0.6242362459333374,
              0.7552122470601413,
              0,
              -2.220446049250313e-16,
              0.3762551323589832,
              0,
              1
            ]
          }
        }
      },
      "children": [
        2
      ]
    },
    {
      "rotation": [
        0.32796401499708544,
        -0.12179278031525867,
        0.04268243161881943,
        0.935833496708242
      ],
      "translation": [
        -2.220446049250313e-16,
        0.3762551323589832,
        0
      ],
      "name": "mixamorigRightLeg",
      "extras": {
        "transformData": {
          "eulerOrder": "ZYX",
          "translation": [
            -2.220446049250313e-16,
            0.3762551323589832,
            0
          ],
          "preRotation": [
            38.626151867095956,
            -14.830010656786389,
            0
          ],
          "parentMatrixWorld": {
            "elements": [
              -0.9998670427775824,
              -0.015801324660428693,
              -0.004026773669846807,
              0,
              0.01630634131902198,
              -0.9689005921739726,
              -0.24691242519912482,
              0,
              5.377642775528102e-17,
              -0.24694525835476488,
              0.9690294316356436,
              0,
              0.1955012083053589,
              -0.07051366567611694,
              0.013133764266967662,
              1
            ]
          }
        }
      },
      "children": [
        3
      ]
    },
    {
      "rotation": [
        -0.0010146133187602393,
        -0.12443574543511042,
        0.9921941678153524,
        -0.008090066193935217
      ],
      "translation": [
        0.1955012083053589,
        -0.07051366567611694,
        0.013133764266967662
      ],
      "name": "mixamorigRightUpLeg",
      "extras": {
        "transformData": {
          "eulerOrder": "ZYX",
          "translation": [
            0.1955012083053589,
            -0.07051366567611694,
            0.013133764266967662
          ],
          "preRotation": [
            -14.294998690177291,
            0.23071775985063128,
            -179.09460576604627
          ],
          "parentMatrixWorld": {
            "elements": [
              -1,
              1.224646799147353e-16,
              -1.2246467991473535e-16,
              0,
              1.224646799147353e-16,
              1,
              1.224646799147353e-16,
              0,
              1.2246467991473535e-16,
              1.224646799147353e-16,
              -1,
              0,
              1.0500000715255733,
              0.8631579279899597,
              -1.0118321180343632,
              1
            ]
          }
        }
      },
      "children": [
        4
      ]
    },
    {
      "translation": [
        0,
        0.5541776418685911,
        -0.11685198545455933
      ],
      "name": "mixamorigHeadTop_End",
      "extras": {
        "transformData": {
          "eulerOrder": "ZYX",
          "translation": [
            0,
            0.5541776418685911,
            -0.11685198545455933
          ],
          "parentMatrixWorld": {
            "elements": [
              1,
              0,
              0,
              0,
              0,
              1,
              0,
              0,
              0,
              0,
              1,
              0,
              0,
              0.14697539806365967,
              -0.03099071979522705,
              1
            ]
          }
        }
      }
    },
    {
      "translation": [
        0,
        0.14697539806365967,
        -0.03099071979522705
      ],
      "name": "mixamorigHead",
      "extras": {
        "transformData": {
          "eulerOrder": "ZYX",
          "translation": [
            0,
            0.14697539806365967,
            -0.03099071979522705
          ],
          "parentMatrixWorld": {
            "elements": [
              1,
              0,
              0,
              0,
              0,
              0.9946134411107431,
              -0.10365376385759482,
              0,
              0,
              0.10365376385759482,
              0.9946134411107431,
              0,
              0,
              0.19170561974904476,
              -7.255991452126409e-8,
              1
            ]
          }
        }
      },
      "children": [
        6
      ]
    },
    {
      "rotation": [
        -0.05189681536114105,
        0,
        0,
        0.9986524523353317
      ],
      "translation": [
        0,
        0.19170561974904476,
        -7.255991452126409e-8
      ],
      "scale": [
        1,
        0.9999999999999999,
        0.9999999999999999
      ],
      "name": "mixamorigNeck",
      "extras": {
        "transformData": {
          "eulerOrder": "ZYX",
          "translation": [
            0,
            0.19170561974904476,
            -7.255991452126409e-8
          ],
          "preRotation": [
            -5.949609681765234,
            0,
            0
          ],
          "parentMatrixWorld": {
            "elements": [
              1,
              0,
              0,
              0,
              0,
              1,
              2.775557561562892e-17,
              0,
              0,
              -2.775557561562892e-17,
              1,
              0,
              0,
              0.17040501066265312,
              0,
              1
            ]
          }
        }
      },
      "children": [
        7
      ]
    },
    {
      "rotation": [
        1.7347234759768074e-17,
        0,
        0,
        1
      ],
      "translation": [
        -0.014055610784622141,
        0.02359223855835274,
        0.012478859042534651
      ],
      "name": "mixamorigLeftHandIndex4",
      "extras": {
        "transformData": {
          "eulerOrder": "ZYX",
          "translation": [
            -0.014055610784622141,
            0.02359223855835274,
            0.012478859042534651
          ],
          "preRotation": [
            1.9878466759146984e-15,
            0,
            0
          ],
          "parentMatrixWorld": {
            "elements": [
              1,
              0,
              0,
              0,
              0,
              1,
              3.469446951953615e-17,
              0,
              0,
              -3.469446951953615e-17,
              1,
              0,
              -0.016201172818255505,
              0.062388442911341546,
              0.026456181315088756,
              1
            ]
          }
        }
      }
    },
    {
      "rotation": [
        1.7347234759768074e-17,
        0,
        0,
        1
      ],
      "translation": [
        -0.016201172818255505,
        0.062388442911341546,
        0.026456181315088756
      ],
      "name": "mixamorigLeftHandIndex3",
      "extras": {
        "transformData": {
          "eulerOrder": "ZYX",
          "translation": [
            -0.016201172818255505,
            0.062388442911341546,
            0.026456181315088756
          ],
          "preRotation": [
            1.9878466759146984e-15,
            0,
            0
          ],
          "parentMatrixWorld": {
            "elements": [
              1,
              0,
              0,
              0,
              0,
              1,
              3.469446951953612e-17,
              0,
              0,
              -3.469446951953612e-17,
              1,
              0,
              1.1102230246251565e-16,
              0.05178054277665667,
              0,
              1
            ]
          }
        }
      },
      "children": [
        9
      ]
    },
    {
      "rotation": [
        1.734723475976806e-17,
        0,
        0,
        1
      ],
      "translation": [
        1.1102230246251565e-16,
        0.05178054277665667,
        0
      ],
      "name": "mixamorigLeftHandIndex2",
      "extras": {
        "transformData": {
          "eulerOrder": "ZYX",
          "translation": [
            1.1102230246251565e-16,
            0.05178054277665667,
            0
          ],
          "preRotation": [
            1.9878466759146964e-15,
            0,
            0
          ],
          "parentMatrixWorld": {
            "elements": [
              -0.7945725199729552,
              -4.718447854656915e-16,
              -0.6071692601769526,
              0,
              0.3604210083486159,
              0.8047537557462638,
              -0.47166523017204653,
              0,
              0.4886217425010833,
              -0.5936087875126872,
              -0.6394352196610087,
              0,
              0,
              0.11363215036574847,
              0,
              1
            ]
          }
        }
      },
      "children": [
        10
      ]
    },
    {
      "rotation": [
        0.10013608732843239,
        0.8998279690280009,
        -0.29596602193735116,
        0.304444582852241
      ],
      "translation": [
        0,
        0.11363215036574847,
        0
      ],
      "name": "mixamorigLeftHandIndex1",
      "extras": {
        "transformData": {
          "eulerOrder": "ZYX",
          "translation": [
            0,
            0.11363215036574847,
            0
          ],
          "preRotation": [
            -143.58648086590242,
            37.3851022884072,
            -179.99999999999997
          ],
          "parentMatrixWorld": {
            "elements": [
              -0.6794601179055313,
              5.551115123125783e-17,
              0.7337124424294587,
              0,
              -0.44336357851691316,
              0.7967763554044337,
              -0.41058029265066326,
              0,
              -0.5846047257938295,
              -0.6042743081320167,
              -0.541377756387436,
              0,
              0,
              0.1898811276529555,
              0,
              1
            ]
          }
        }
      },
      "children": [
        11
      ]
    },
    {
      "rotation": [
        -0.12761395209524604,
        0.868564077903496,
        -0.29210700355933844,
        -0.379453054115877
      ],
      "translation": [
        0,
        0.1898811276529555,
        0
      ],
      "scale": [
        1,
        0.9999999999999999,
        1
      ],
      "name": "mixamorigLeftHand",
      "extras": {
        "transformData": {
          "eulerOrder": "ZYX",
          "translation": [
            0,
            0.1898811276529555,
            0
          ],
          "preRotation": [
            -142.82336029784045,
            -47.19853085549715,
            180
          ],
          "parentMatrixWorld": {
            "elements": [
              0.9910953009298699,
              -0.13315443843421362,
              3.469446951953614e-18,
              0,
              0.1314183881007074,
              0.9781735286784263,
              0.160952648508211,
              0,
              -0.02143155952661021,
              -0.15951941360870495,
              0.9869621294346567,
              0,
              0,
              0.21204672146164477,
              -2.220446049250313e-16,
              1
            ]
          }
        }
      },
      "children": [
        12
      ]
    },
    {
      "rotation": [
        0.08055998202703789,
        -0.005387446377916191,
        -0.06650808188927244,
        0.9945138207992579
      ],
      "translation": [
        0,
        0.21204672146164477,
        -2.220446049250313e-16
      ],
      "scale": [
        1,
        1,
        0.9999999999999999
      ],
      "name": "mixamorigLeftForeArm",
      "extras": {
        "transformData": {
          "eulerOrder": "ZYX",
          "translation": [
            0,
            0.21204672146164477,
            -2.220446049250313e-16
          ],
          "preRotation": [
            9.262195660393145,
            0,
            -7.65191352007737
          ],
          "parentMatrixWorld": {
            "elements": [
              0.9938205197920279,
              0.11099898396068127,
              1.5612511283791264e-17,
              0,
              -0.10806928540682033,
              0.9675896982498831,
              -0.22823497845939283,
              0,
              -0.025333850713280585,
              0.22682460492723605,
              0.9736060777376241,
              0,
              0,
              0.24126086261615676,
              -2.220446049250313e-16,
              1
            ]
          }
        }
      },
      "children": [
        13
      ]
    },
    {
      "rotation": [
        -0.11470041826920328,
        -0.00638554461716281,
        0.05521743315229617,
        0.9918437749690644
      ],
      "translation": [
        0,
        0.24126086261615676,
        -2.220446049250313e-16
      ],
      "name": "mixamorigLeftArm",
      "extras": {
        "transformData": {
          "eulerOrder": "ZYX",
          "translation": [
            0,
            0.24126086261615676,
            -2.220446049250313e-16
          ],
          "preRotation": [
            -13.193179792822514,
            -7.951386703658791e-16,
            6.372905808832924
          ],
          "parentMatrixWorld": {
            "elements": [
              0.031322605071132825,
              -0.0005263080528342678,
              0.9995091882576124,
              0,
              -0.9682209811295929,
              -0.2482647879968054,
              0.030211367750394513,
              0,
              0.24812703623750115,
              -0.9686920656435329,
              -0.008285882406783962,
              0,
              -0.11671972274780273,
              0.16081483704994493,
              0.003742440757265042,
              1
            ]
          }
        }
      },
      "children": [
        14
      ]
    },
    {
      "rotation": [
        0.5674225223488054,
        -0.4268191916194859,
        0.5496945289246766,
        0.44010565057368417
      ],
      "translation": [
        -0.11671972274780273,
        0.16081483704994493,
        0.003742440757265042
      ],
      "name": "mixamorigLeftShoulder",
      "extras": {
        "transformData": {
          "eulerOrder": "ZYX",
          "translation": [
            -0.11671972274780273,
            0.16081483704994493,
            0.003742440757265042
          ],
          "preRotation": [
            105.33702465874083,
            -88.20479988614021,
            -0.9626400041512349
          ],
          "parentMatrixWorld": {
            "elements": [
              1,
              0,
              0,
              0,
              0,
              1,
              2.775557561562892e-17,
              0,
              0,
              -2.775557561562892e-17,
              1,
              0,
              0,
              0.17040501066265312,
              0,
              1
            ]
          }
        }
      },
      "children": [
        15
      ]
    },
    {
      "rotation": [
        -1.3877787807814457e-17,
        1.925929944387236e-34,
        -1.3877787807814457e-17,
        1
      ],
      "translation": [
        -0.010791323458676505,
        0.0036771629242897674,
        -0.0062596845971789605
      ],
      "name": "mixamorigRightHandIndex4",
      "extras": {
        "transformData": {
          "eulerOrder": "ZYX",
          "translation": [
            -0.010791323458676505,
            0.0036771629242897674,
            -0.0062596845971789605
          ],
          "preRotation": [
            -1.5902773407317584e-15,
            0,
            -1.5902773407317584e-15
          ],
          "parentMatrixWorld": {
            "elements": [
              1,
              -2.7755575615628914e-17,
              0,
              0,
              2.7755575615628914e-17,
              1,
              0,
              0,
              0,
              0,
              1,
              0,
              -0.052330693302690245,
              0.05070333129122906,
              -0.027605690552634066,
              1
            ]
          }
        }
      }
    },
    {
      "rotation": [
        0,
        0,
        -1.3877787807814457e-17,
        1
      ],
      "translation": [
        -0.052330693302690245,
        0.05070333129122906,
        -0.027605690552634066
      ],
      "name": "mixamorigRightHandIndex3",
      "extras": {
        "transformData": {
          "eulerOrder": "ZYX",
          "translation": [
            -0.052330693302690245,
            0.05070333129122906,
            -0.027605690552634066
          ],
          "preRotation": [
            0,
            0,
            -1.5902773407317584e-15
          ],
          "parentMatrixWorld": {
            "elements": [
              1,
              0,
              -5.551115123125778e-17,
              0,
              0,
              1,
              0,
              0,
              5.551115123125778e-17,
              0,
              1,
              0,
              0,
              0.04084762927811392,
              -2.220446049250313e-16,
              1
            ]
          }
        }
      },
      "children": [
        17
      ]
    },
    {
      "rotation": [
        0,
        2.775557561562889e-17,
        0,
        1
      ],
      "translation": [
        0,
        0.04084762927811392,
        -2.220446049250313e-16
      ],
      "name": "mixamorigRightHandIndex2",
      "extras": {
        "transformData": {
          "eulerOrder": "ZYX",
          "translation": [
            0,
            0.04084762927811392,
            -2.220446049250313e-16
          ],
          "preRotation": [
            0,
            3.180554681463514e-15,
            0
          ],
          "parentMatrixWorld": {
            "elements": [
              0.9998380658098163,
              0.017995614957139246,
              1.1058862159352145e-16,
              0,
              -0.01744847093829045,
              0.969438692472028,
              -0.24471242796400913,
              0,
              -0.004403750628867092,
              0.24467280065515887,
              0.969595703167026,
              0,
              0,
              0.12272355683717784,
              0,
              1
            ]
          }
        }
      },
      "children": [
        18
      ]
    },
    {
      "rotation": [
        -0.12329200113020533,
        -0.0011094475185599658,
        0.008929514057072322,
        0.9923296404734756
      ],
      "translation": [
        0,
        0.12272355683717784,
        0
      ],
      "name": "mixamorigRightHandIndex1",
      "extras": {
        "transformData": {
          "eulerOrder": "ZYX",
          "translation": [
            0,
            0.12272355683717784,
            0
          ],
          "preRotation": [
            -14.164839757897878,
            -6.3611093629270335e-15,
            1.0311284457040757
          ],
          "parentMatrixWorld": {
            "elements": [
              -0.6410387040181467,
              8.326672684688674e-17,
              -0.7675085536661693,
              0,
              0.42146156161131065,
              0.8357372975097511,
              -0.35201324071013756,
              0,
              0.641435524456582,
              -0.5491294652002365,
              -0.5357399540952792,
              0,
              0,
              0.18982917146002176,
              0,
              1
            ]
          }
        }
      },
      "children": [
        19
      ]
    },
    {
      "rotation": [
        0.12141247111333064,
        0.8678300460953137,
        -0.2595965390818589,
        0.4058813371529681
      ],
      "translation": [
        0,
        0.18982917146002176,
        0
      ],
      "name": "mixamorigRightHand",
      "extras": {
        "transformData": {
          "eulerOrder": "ZYX",
          "translation": [
            0,
            0.18982917146002176,
            0
          ],
          "preRotation": [
            -146.69268887667855,
            50.13068328298298,
            180
          ],
          "parentMatrixWorld": {
            "elements": [
              0.9952534332082767,
              0.09731702670724307,
              0,
              0,
              -0.09596249585600128,
              0.9814007547438967,
              0.1662641211362116,
              0,
              0.016180329917069,
              -0.1654749373801714,
              0.9860812552841693,
              0,
              0,
              0.2116973751661566,
              0,
              1
            ]
          }
        }
      },
      "children": [
        20
      ]
    },
    {
      "rotation": [
        0.08332380089177803,
        0.004064057438405479,
        0.04854654295620831,
        0.9953310307676967
      ],
      "translation": [
        0,
        0.2116973751661566,
        0
      ],
      "name": "mixamorigRightForeArm",
      "extras": {
        "transformData": {
          "eulerOrder": "ZYX",
          "translation": [
            0,
            0.2116973751661566,
            0
          ],
          "preRotation": [
            9.57067770574397,
            0,
            5.584693744932485
          ],
          "parentMatrixWorld": {
            "elements": [
              0.9970561084940311,
              -0.076675397062805,
              -1.5612511283791264e-17,
              0,
              0.07457603052910082,
              0.9697567881568551,
              -0.2324009197361819,
              0,
              0.017819432798532833,
              0.2317167566425912,
              0.9726200761375311,
              0,
              0,
              0.24126086261637703,
              -2.220446049250313e-16,
              1
            ]
          }
        }
      },
      "children": [
        21
      ]
    },
    {
      "rotation": [
        -0.11691796718174355,
        0.004488973303908049,
        -0.03810242606004545,
        0.992400243448733
      ],
      "translation": [
        0,
        0.24126086261637703,
        -2.220446049250313e-16
      ],
      "name": "mixamorigRightArm",
      "extras": {
        "transformData": {
          "eulerOrder": "ZYX",
          "translation": [
            0,
            0.24126086261637703,
            -2.220446049250313e-16
          ],
          "preRotation": [
            -13.438465252415721,
            7.951386703658792e-16,
            -4.397492738864472
          ],
          "parentMatrixWorld": {
            "elements": [
              0.02246688588515877,
              0.0005233123749509572,
              -0.9997474507008168,
              0,
              0.9682210565489493,
              -0.24915901723883782,
              0.021627986124780285,
              0,
              -0.24908477411086413,
              -0.9684624464958543,
              -0.006104509268143764,
              0,
              0.11671972274780273,
              0.16070694016574127,
              0.0027071123013659992,
              1
            ]
          }
        }
      },
      "children": [
        22
      ]
    },
    {
      "rotation": [
        0.565183689695691,
        0.42850863647776904,
        -0.5524010368576292,
        0.4379507276447256
      ],
      "translation": [
        0.11671972274780273,
        0.16070694016574127,
        0.0027071123013659992
      ],
      "scale": [
        1,
        1,
        0.9999999999999999
      ],
      "name": "mixamorigRightShoulder",
      "extras": {
        "transformData": {
          "eulerOrder": "ZYX",
          "translation": [
            0.11671972274780273,
            0.16070694016574127,
            0.0027071123013659992
          ],
          "preRotation": [
            105.76174478557311,
            88.71228470362351,
            1.3343268791666856
          ],
          "parentMatrixWorld": {
            "elements": [
              1,
              0,
              0,
              0,
              0,
              1,
              2.775557561562892e-17,
              0,
              0,
              -2.775557561562892e-17,
              1,
              0,
              0,
              0.17040501066265312,
              0,
              1
            ]
          }
        }
      },
      "children": [
        23
      ]
    },
    {
      "rotation": [
        1.387778780781446e-17,
        0,
        0,
        1
      ],
      "translation": [
        0,
        0.17040501066265312,
        0
      ],
      "name": "mixamorigSpine2",
      "extras": {
        "transformData": {
          "eulerOrder": "ZYX",
          "translation": [
            0,
            0.17040501066265312,
            0
          ],
          "preRotation": [
            1.5902773407317588e-15,
            0,
            0
          ],
          "parentMatrixWorld": {
            "elements": [
              1,
              0,
              0,
              0,
              0,
              0.9999999999999524,
              3.085572747169031e-7,
              0,
              0,
              -3.085572747169031e-7,
              0.9999999999999524,
              0,
              0,
              0.14910439935335085,
              0,
              1
            ]
          }
        }
      },
      "children": [
        8,
        16,
        24
      ]
    },
    {
      "rotation": [
        1.542786373584534e-7,
        0,
        0,
        0.999999999999988
      ],
      "translation": [
        0,
        0.14910439935335085,
        0
      ],
      "name": "mixamorigSpine1",
      "extras": {
        "transformData": {
          "eulerOrder": "ZYX",
          "translation": [
            0,
            0.14910439935335085,
            0
          ],
          "preRotation": [
            0.00001767902957933753,
            0,
            0
          ],
          "parentMatrixWorld": {
            "elements": [
              1,
              0,
              0,
              0,
              0,
              0.9946134730938189,
              0.10365345696237707,
              0,
              0,
              -0.10365345696237707,
              0.9946134730938189,
              0,
              0,
              0.1271154284477234,
              0.013247311115264893,
              1
            ]
          }
        }
      },
      "children": [
        25
      ]
    },
    {
      "rotation": [
        0.05189666129040087,
        0,
        0,
        0.9986524603418897
      ],
      "translation": [
        0,
        0.1271154284477234,
        0.013247311115264893
      ],
      "name": "mixamorigSpine",
      "extras": {
        "transformData": {
          "eulerOrder": "ZYX",
          "translation": [
            0,
            0.1271154284477234,
            0.013247311115264893
          ],
          "preRotation": [
            5.949592002735654,
            0,
            0
          ],
          "parentMatrixWorld": {
            "elements": [
              -1,
              1.224646799147353e-16,
              -1.2246467991473535e-16,
              0,
              1.224646799147353e-16,
              1,
              1.224646799147353e-16,
              0,
              1.2246467991473535e-16,
              1.224646799147353e-16,
              -1,
              0,
              1.0500000715255733,
              0.8631579279899597,
              -1.0118321180343632,
              1
            ]
          }
        }
      },
      "children": [
        26
      ]
    },
    {
      "rotation": [
        3.150877860491272e-17,
        -2.8043540347915766e-18,
        -4.336808689942016e-19,
        1
      ],
      "translation": [
        0,
        0.1496796043849984,
        -6.938893903907228e-18
      ],
      "name": "mixamorigLeftToe_End",
      "extras": {
        "transformData": {
          "eulerOrder": "ZYX",
          "translation": [
            0,
            0.1496796043849984,
            -6.938893903907228e-18
          ],
          "preRotation": [
            3.610640063347209e-15,
            -3.213553009080819e-16,
            -4.969616689786744e-17
          ],
          "parentMatrixWorld": {
            "elements": [
              0.9900034804965643,
              0,
              0.1410429317785508,
              0,
              -0.08632420574335915,
              0.7908252167709324,
              0.6059237641997433,
              0,
              -0.11154030709778026,
              -0.6120420545348235,
              0.7829197170676729,
              0,
              1.1102230246251565e-16,
              0.3244401058412073,
              0,
              1
            ]
          }
        }
      }
    },
    {
      "rotation": [
        0.32259050925978855,
        -0.066899213759758,
        0.022863834981124227,
        0.9438946464430193
      ],
      "translation": [
        1.1102230246251565e-16,
        0.3244401058412073,
        0
      ],
      "name": "mixamorigLeftToeBase",
      "extras": {
        "transformData": {
          "eulerOrder": "ZYX",
          "translation": [
            1.1102230246251565e-16,
            0.3244401058412073,
            0
          ],
          "preRotation": [
            37.73730371462757,
            -8.108200698540541,
            -8.03167550448464e-16
          ],
          "parentMatrixWorld": {
            "elements": [
              -0.9861249288223268,
              -9.71445146547012e-17,
              -0.16600489376871203,
              0,
              0.16074154604955238,
              0.24981330909765043,
              -0.954858872279711,
              0,
              0.041470231838765984,
              -0.9682940207383715,
              -0.2463471316527905,
              0,
              0,
              0.25046914184364,
              1.1102230246251565e-16,
              1
            ]
          }
        }
      },
      "children": [
        28
      ]
    },
    {
      "rotation": [
        0.051011993033044156,
        0.7877635066396462,
        -0.610320507617081,
        0.06584308737926382
      ],
      "translation": [
        0,
        0.25046914184364,
        1.1102230246251565e-16
      ],
      "scale": [
        1,
        1,
        0.9999999999999999
      ],
      "name": "mixamorigLeftFoot",
      "extras": {
        "transformData": {
          "eulerOrder": "ZYX",
          "translation": [
            0,
            0.25046914184364,
            1.1102230246251565e-16
          ],
          "preRotation": [
            -104.46646505906112,
            9.55561575722543,
            -180
          ],
          "parentMatrixWorld": {
            "elements": [
              0.9667854720641277,
              0,
              -0.2555892231799727,
              0,
              0.16016162318774754,
              0.779311407960473,
              0.6058233933090825,
              0,
              0.19918359737590807,
              -0.6266368401416128,
              0.7534269474300259,
              0,
              -1.1102230246251565e-16,
              0.3770040622010009,
              0,
              1
            ]
          }
        }
      },
      "children": [
        29
      ]
    },
    {
      "rotation": [
        0.3294112614474605,
        0.12155141758358838,
        -0.042807906411740135,
        0.9353507132961715
      ],
      "translation": [
        -1.1102230246251565e-16,
        0.3770040622010009,
        0
      ],
      "name": "mixamorigLeftLeg",
      "extras": {
        "transformData": {
          "eulerOrder": "ZYX",
          "translation": [
            -1.1102230246251565e-16,
            0.3770040622010009,
            0
          ],
          "preRotation": [
            38.80242826843026,
            14.80850218795597,
            0
          ],
          "parentMatrixWorld": {
            "elements": [
              -0.9998675705479301,
              0.015738597511364357,
              0.004139796487169212,
              0,
              -0.01627394747994176,
              -0.9669757922541786,
              -0.254348139029606,
              0,
              2.168404344971009e-18,
              -0.25438182667552917,
              0.9671038652891535,
              0,
              -0.1955012083053589,
              -0.07051366567611694,
              0.017622590065002552,
              1
            ]
          }
        }
      },
      "children": [
        30
      ]
    },
    {
      "rotation": [
        0.001043601587648878,
        -0.12824577283930078,
        0.9917090334482265,
        0.008070044718660258
      ],
      "translation": [
        -0.1955012083053589,
        -0.07051366567611694,
        0.017622590065002552
      ],
      "name": "mixamorigLeftUpLeg",
      "extras": {
        "transformData": {
          "eulerOrder": "ZYX",
          "translation": [
            -0.1955012083053589,
            -0.07051366567611694,
            0.017622590065002552
          ],
          "preRotation": [
            -14.73509189409003,
            -0.23719354426163464,
            179.09819982685505
          ],
          "parentMatrixWorld": {
            "elements": [
              -1,
              1.224646799147353e-16,
              -1.2246467991473535e-16,
              0,
              1.224646799147353e-16,
              1,
              1.224646799147353e-16,
              0,
              1.2246467991473535e-16,
              1.224646799147353e-16,
              -1,
              0,
              1.0500000715255733,
              0.8631579279899597,
              -1.0118321180343632,
              1
            ]
          }
        }
      },
      "children": [
        31
      ]
    },
    {
      "rotation": [
        6.123233995736765e-17,
        1,
        6.123233995736765e-17,
        6.123233995736767e-17
      ],
      "translation": [
        1.0500000715255733,
        0.8631579279899597,
        -1.0118321180343632
      ],
      "name": "mixamorigHips",
      "extras": {
        "transformData": {
          "eulerOrder": "ZYX",
          "translation": [
            1.0500000715255733,
            0.8631579279899597,
            -1.0118321180343632
          ],
          "preRotation": [
            180,
            7.016709298534876e-15,
            180
          ],
          "parentMatrixWorld": {
            "elements": [
              1,
              0,
              0,
              0,
              0,
              1,
              0,
              0,
              0,
              0,
              1,
              0,
              -1.050000000745058,
              -1.100000023841858,
              0.8499999940395355,
              1
            ]
          }
        }
      },
      "children": [
        5,
        27,
        32
      ]
    },
    {
      "translation": [
        -1.050000000745058,
        -1.100000023841858,
        0.8499999940395355
      ],
      "children": [
        0,
        33
      ]
    }
  ],
  "bufferViews": [
    {
      "buffer": 0,
      "byteOffset": 0,
      "byteLength": 25704,
      "target": 34962,
      "byteStride": 12
    },
    {
      "buffer": 0,
      "byteOffset": 25704,
      "byteLength": 17136,
      "target": 34962,
      "byteStride": 8
    },
    {
      "buffer": 0,
      "byteOffset": 42840,
      "byteLength": 34272,
      "target": 34962,
      "byteStride": 16
    },
    {
      "buffer": 0,
      "byteOffset": 77112,
      "byteLength": 25704,
      "target": 34962,
      "byteStride": 12
    },
    {
      "buffer": 0,
      "byteOffset": 102816,
      "byteLength": 17136,
      "target": 34962,
      "byteStride": 8
    },
    {
      "buffer": 0,
      "byteOffset": 119952,
      "byteLength": 1792
    },
    {
