{
  "asset": {
    "version": "2.0",
    "generator": "GLTFExporter"
  },
  "scenes": [
    {
      "name": "AuxScene",
      "nodes": [
        42
      ]
    }
  ],
  "scene": 0,
  "nodes": [
    {
      "name": "unamed",
      "extras": {
        "transformData": {
          "eulerOrder": "ZYX",
          "parentMatrixWorld": {
            "elements": [
              1,
              0,
              0,
              0,
              0,
              1,
              0,
              0,
              0,
              0,
              1,
              0,
              -0.05000019073486328,
              -3.6999998092651367,
              0.9000000953674316,
              1
            ]
          }
        }
      },
      "mesh": 0,
      "skin": 0
    },
    {
      "translation": [
        1.942890293094024e-16,
        6.143972396850586,
        -1.2559255063533776
      ],
      "name": "mixamorigHeadTop_End",
      "extras": {
        "transformData": {
          "eulerOrder": "ZYX",
          "translation": [
            1.942890293094024e-16,
            6.143972396850586,
            -1.2559255063533776
          ],
          "parentMatrixWorld": {
            "elements": [
              0.7722829650081946,
              0.3009213433293341,
              -0.5594867073219912,
              0,
              -0.1951784916951887,
              0.9504908550576542,
              0.24181086141327796,
              0,
              0.6045530472346704,
              -0.0775466404604957,
              0.792781268347668,
              0,
              6.245004513516506e-17,
              1.9715590476989755,
              -0.4030180573463438,
              1
            ]
          }
        }
      }
    },
    {
      "rotation": [
        0.08516284636341188,
        0.3104136843398626,
        0.13229460333080412,
        0.9374906884599437
      ],
      "translation": [
        6.245004513516506e-17,
        1.9715590476989755,
        -0.4030180573463438
      ],
      "name": "mixamorigHead",
      "extras": {
        "transformData": {
          "eulerOrder": "ZYX",
          "translation": [
            6.245004513516506e-17,
            1.9715590476989755,
            -0.4030180573463438
          ],
          "parentMatrixWorld": {
            "elements": [
              0.9911306856787672,
              -0.10742405699819838,
              -0.0782306608958695,
              0,
              0.09464655144598261,
              0.983855107630864,
              -0.15189192951889752,
              0,
              0.09328448223332575,
              0.14314049018931918,
              0.9852963037277005,
              0,
              6.938893903907228e-18,
              1.997996451281403,
              5.1067048423281136e-8,
              1
            ]
          }
        }
      },
      "children": [
        1
      ]
    },
    {
      "rotation": [
        -0.07412704351348871,
        0.043093265785956666,
        -0.050770341780584254,
        0.9950228881532635
      ],
      "translation": [
        6.938893903907228e-18,
        1.997996451281403,
        5.1067048423281136e-8
      ],
      "name": "mixamorigNeck",
      "extras": {
        "transformData": {
          "eulerOrder": "ZYX",
          "translation": [
            6.938893903907228e-18,
            1.997996451281403,
            5.1067048423281136e-8
          ],
          "preRotation": [
            -5.690158029270546,
            9.431854829493185e-16,
            9.401988067340638e-15
          ],
          "parentMatrixWorld": {
            "elements": [
              0.9999083963426677,
              0.004399084305505921,
              -0.012800272672728503,
              0,
              -0.004704371604392572,
              0.9997028424854459,
              -0.023918520306274626,
              0,
              0.012691249388099402,
              0.023976546521693617,
              0.9996319609761448,
              0,
              0,
              1.7759980078773365,
              0,
              1
            ]
          }
        }
      },
      "children": [
        2
      ]
    },
    {
      "rotation": [
        -1.1102230246251565e-16,
        -1.3877787807814443e-17,
        -9.714451465470117e-17,
        1
      ],
      "translation": [
        0.11817392887561384,
        0.37250327110338155,
        4.440892098500626e-16
      ],
      "name": "mixamorigLeftHandThumb4",
      "extras": {
        "transformData": {
          "eulerOrder": "ZYX",
          "translation": [
            0.11817392887561384,
            0.37250327110338155,
            4.440892098500626e-16
          ],
          "preRotation": [
            -1.2722218725854067e-14,
            -1.590277340731758e-15,
            -1.1131941385122306e-14
          ],
          "parentMatrixWorld": {
            "elements": [
              0.361463073523548,
              0.910075846717122,
              -0.20274713241134598,
              0,
              -0.6719640694271806,
              0.10352232132990968,
              -0.7333126334554252,
              0,
              -0.6463812620101033,
              0.4013042265022646,
              0.6489577658936254,
              0,
              -0.23897584745852152,
              0.322996698118887,
              -4.440892098500626e-16,
              1
            ]
          }
        }
      }
    },
    {
      "rotation": [
        -0.390186809842418,
        -0.1525626772122987,
        0.5440524724326156,
        0.7269702815017758
      ],
      "translation": [
        -0.23897584745852152,
        0.322996698118887,
        -4.440892098500626e-16
      ],
      "name": "mixamorigLeftHandThumb3",
      "extras": {
        "transformData": {
          "eulerOrder": "ZYX",
          "translation": [
            -0.23897584745852152,
            0.322996698118887,
            -4.440892098500626e-16
          ],
          "preRotation": [
            25.12579100939576,
            1.5902773407317584e-15,
            -3.876301018033661e-15
          ],
          "parentMatrixWorld": {
            "elements": [
              0.6364863924000146,
              -0.6839519248468818,
              0.3565036280150033,
              0,
              0.7667372816241684,
              0.6112203741776784,
              -0.19627428552329287,
              0,
              -0.08366010552942753,
              0.39827053454698846,
              0.9134448905404534,
              0,
              0.12080191858290812,
              0.4052263019690727,
              0,
              1
            ]
          }
        }
      },
      "children": [
        4
      ]
    },
    {
      "rotation": [
        -0.1671983310935569,
        -0.12378316852182523,
        -0.4079638844195526,
        0.8889813914135304
      ],
      "translation": [
        0.12080191858290812,
        0.4052263019690727,
        0
      ],
      "scale": [
        1,
        0.9999999999999999,
        0.9999999999999999
      ],
      "name": "mixamorigLeftHandThumb2",
      "extras": {
        "transformData": {
          "eulerOrder": "ZYX",
          "translation": [
            0.12080191858290812,
            0.4052263019690727,
            0
          ],
          "preRotation": [
            -0.6424914484612209,
            -1.192708005548819e-15,
            1.9878466759146985e-16
          ],
          "parentMatrixWorld": {
            "elements": [
              0.9421318357072938,
              -0.1966960076506466,
              -0.2714742800360683,
              0,
              0.25429518483254243,
              0.9469783360358016,
              0.1963822549260688,
              0,
              0.21845265646768397,
              -0.2540525765528883,
              0.9421972857257926,
              0,
              -0.5082283217358547,
              0.14519179227374535,
              -2.4109136909089557e-9,
              1
            ]
          }
        }
      },
      "children": [
        5
      ]
    },
    {
      "rotation": [
        0.11506108589103822,
        0.12514912564887862,
        -0.11520320523177428,
        0.9786862951769696
      ],
      "translation": [
        -0.5082283217358547,
        0.14519179227374535,
        -2.4109136909089557e-9
      ],
      "name": "mixamorigLeftHandThumb1",
      "extras": {
        "transformData": {
          "eulerOrder": "ZYX",
          "translation": [
            -0.5082283217358547,
            0.14519179227374535,
            -2.4109136909089557e-9
          ],
          "preRotation": [
            0.000010103225340886597,
            1.5902773407317588e-15,
            90.65609266234627
          ],
          "parentMatrixWorld": {
            "elements": [
              -0.06307146729129487,
              0.3409433287529343,
              0.9379657070280328,
              0,
              -0.33285741611540376,
              0.8788379108217986,
              -0.34183310338363754,
              0,
              -0.9408655384903337,
              -0.3337687472049775,
              0.05805591537470966,
              0,
              0,
              2.494011839533285,
              0,
              1
            ]
          }
        }
      },
      "children": [
        6
      ]
    },
    {
      "rotation": [
        2.7755575615628907e-17,
        6.93889390390723e-17,
        9.714451465470121e-17,
        1
      ],
      "translation": [
        0.00021820267098604518,
        0.22805142879917817,
        2.220446049250313e-16
      ],
      "name": "mixamorigLeftHandIndex4",
      "extras": {
        "transformData": {
          "eulerOrder": "ZYX",
          "translation": [
            0.00021820267098604518,
            0.22805142879917817,
            2.220446049250313e-16
          ],
          "preRotation": [
            3.1805546814635168e-15,
            7.951386703658793e-15,
            1.113194138512231e-14
          ],
          "parentMatrixWorld": {
            "elements": [
              0.44809612434239554,
              -0.8505822958026162,
              0.2751719581897107,
              0,
              0.8495704273502819,
              0.309346248251813,
              -0.427241113530089,
              0,
              0.27828032175967593,
              0.4252230452194724,
              0.861246434305576,
              0,
              0.002066979778739153,
              0.44445808993054925,
              3.885780586188048e-16,
              1
            ]
          }
        }
      }
    },
    {
      "rotation": [
        -0.2633929772151331,
        0.0009604170762570746,
        -0.5253103991240244,
        0.809118154708135
      ],
      "translation": [
        0.002066979778739153,
        0.44445808993054925,
        3.885780586188048e-16
      ],
      "name": "mixamorigLeftHandIndex3",
      "extras": {
        "transformData": {
          "eulerOrder": "ZYX",
          "translation": [
            0.002066979778739153,
            0.44445808993054925,
            3.885780586188048e-16
          ],
          "preRotation": [
            11.211909955638367,
            -1.5902773407317588e-15,
            1.5902773407317588e-15
          ],
          "parentMatrixWorld": {
            "elements": [
              0.22652806117950397,
              -0.8922671360045373,
              0.3905693266678189,
              0,
              0.8919102611126308,
              0.02889645131145613,
              -0.45128825104256143,
              0,
              0.3913836060050186,
              0.45058224267420455,
              0.8023680679173409,
              0,
              -0.0022851824497251982,
              0.7765350428579509,
              -3.3306690738754696e-16,
              1
            ]
          }
        }
      },
      "children": [
        8
      ]
    },
    {
      "rotation": [
        -0.3143499411287948,
        0.00028381975404941735,
        -0.6218809281981521,
        0.7172504076812071
      ],
      "translation": [
        -0.0022851824497251982,
        0.7765350428579509,
        -3.3306690738754696e-16
      ],
      "name": "mixamorigLeftHandIndex2",
      "extras": {
        "transformData": {
          "eulerOrder": "ZYX",
          "translation": [
            -0.0022851824497251982,
            0.7765350428579509,
            -3.3306690738754696e-16
          ],
          "preRotation": [
            1.2719612477866649,
            3.180554681463516e-15,
            1.590277340731758e-15
          ],
          "parentMatrixWorld": {
            "elements": [
              0.2727631612768635,
              -0.8882062311352019,
              0.3697159998997883,
              0,
              0.9012278888016669,
              0.10138845550404763,
              -0.42131774071430916,
              0,
              0.33673212210211,
              0.448118329425521,
              0.828131290378086,
              0,
              1.7763568394002505e-15,
              1.1664370258756835,
              1.02196224815998e-8,
              1
            ]
          }
        }
      },
      "children": [
        9
      ]
    },
    {
      "rotation": [
        -0.2929348969458615,
        -0.011113098680140831,
        -0.6029053975536243,
        0.742004519779453
      ],
      "translation": [
        1.7763568394002505e-15,
        1.1664370258756835,
        1.02196224815998e-8
      ],
      "name": "mixamorigLeftHandIndex1",
      "extras": {
        "transformData": {
          "eulerOrder": "ZYX",
          "translation": [
            1.7763568394002505e-15,
            1.1664370258756835,
            1.02196224815998e-8
          ],
          "preRotation": [
            29.35991141528982,
            0,
            -8.247597558745149
          ],
          "parentMatrixWorld": {
            "elements": [
              -0.06307146729129487,
              0.3409433287529343,
              0.9379657070280328,
              0,
              -0.33285741611540376,
              0.8788379108217986,
              -0.34183310338363754,
              0,
              -0.9408655384903337,
              -0.3337687472049775,
              0.05805591537470966,
              0,
              0,
              2.494011839533285,
              0,
              1
            ]
          }
        }
      },
      "children": [
        10
      ]
    },
    {
      "rotation": [
        -0.0029456116596107817,
        -0.6862677070098782,
        0.2461145423599578,
        0.6844381668870085
      ],
      "translation": [
        0,
        2.494011839533285,
        0
      ],
      "scale": [
        1,
        1,
        0.9999999999999999
      ],
      "name": "mixamorigLeftHand",
      "extras": {
        "transformData": {
          "eulerOrder": "ZYX",
          "translation": [
            0,
            2.494011839533285,
            0
          ],
          "preRotation": [
            93.26350540843976,
            -47.04798398838209,
            -111.40276478660495
          ],
          "parentMatrixWorld": {
            "elements": [
              -0.09187783296909213,
              0.9848162099381216,
              0.14729386547292184,
              0,
              -0.989284520604179,
              -0.10713044061015387,
              0.09919270210528598,
              0,
              0.11346623927759852,
              -0.13660193081029987,
              0.9841063585022004,
              0,
              5.551115123125783e-17,
              2.1229161630377478,
              0,
              1
            ]
          }
        }
      },
      "children": [
        7,
        11
      ]
    },
    {
      "rotation": [
        0.08824149978731852,
        -0.012659323211944087,
        0.7387683385340507,
        0.6680378095451204
      ],
      "translation": [
        5.551115123125783e-17,
        2.1229161630377478,
        0
      ],
      "name": "mixamorigLeftForeArm",
      "extras": {
        "transformData": {
          "eulerOrder": "ZYX",
          "translation": [
            5.551115123125783e-17,
            2.1229161630377478,
            0
          ],
          "preRotation": [
            -16.69283517106329,
            7.951386703658792e-16,
            14.719864550179468
          ],
          "parentMatrixWorld": {
            "elements": [
              0.9615941243605618,
              -0.12132135400531913,
              0.24620696305943213,
              0,
              -0.017128073037240683,
              0.8687375170038384,
              0.4949765189397091,
              0,
              -0.27394044737983375,
              -0.4801835630776602,
              0.8332948909654722,
              0,
              0,
              2.541687920904697,
              0,
              1
            ]
          }
        }
      },
      "children": [
        12
      ]
    },
    {
      "rotation": [
        0.2547359988258683,
        -0.13587540402681825,
        -0.027217869135331398,
        0.957030108143418
      ],
      "translation": [
        0,
        2.541687920904697,
        0
      ],
      "scale": [
        1,
        1,
        0.9999999999999999
      ],
      "name": "mixamorigLeftArm",
      "extras": {
        "transformData": {
          "eulerOrder": "ZYX",
          "translation": [
            0,
            2.541687920904697,
            0
          ],
          "preRotation": [
            -6.17284225409322,
            0,
            0.5612989305994394
          ],
          "parentMatrixWorld": {
            "elements": [
              0.03016101510118141,
              0.01082692245392114,
              0.9994863937097169,
              0,
              -0.973446768235871,
              -0.22668951894950748,
              0.031830821323888196,
              0,
              0.22691774472662304,
              -0.9739068690204374,
              0.0037022712384670027,
              0,
              -1.2521997690200806,
              1.7972322142083055,
              0.052154442766965736,
              1
            ]
          }
        }
      },
      "children": [
        13
      ]
    },
    {
      "rotation": [
        0.5597205246398023,
        -0.4299555775632071,
        0.5477752219402574,
        0.44921422659618815
      ],
      "translation": [
        -1.2521997690200806,
        1.7972322142083055,
        0.052154442766965736
      ],
      "scale": [
        1,
        0.9999999999999999,
        0.9999999999999999
      ],
      "name": "mixamorigLeftShoulder",
      "extras": {
        "transformData": {
          "eulerOrder": "ZYX",
          "translation": [
            -1.2521997690200806,
            1.7972322142083055,
            0.052154442766965736
          ],
          "preRotation": [
            98.88104780333084,
            -87.57527103056734,
            0.6521880208834202
          ],
          "parentMatrixWorld": {
            "elements": [
              0.9999083963426677,
              0.004399084305505921,
              -0.012800272672728503,
              0,
              -0.004704371604392572,
              0.9997028424854459,
              -0.023918520306274626,
              0,
              0.012691249388099402,
              0.023976546521693617,
              0.9996319609761448,
              0,
              0,
              1.7759980078773365,
              0,
              1
            ]
          }
        }
      },
      "children": [
        14
      ]
    },
    {
      "rotation": [
        6.938893903907227e-17,
        -2.775557561562893e-17,
        -8.326672684688677e-17,
        1
      ],
      "translation": [
        -0.04215405792526683,
        0.33186170868810905,
        4.440892098500626e-16
      ],
      "name": "mixamorigRightHandThumb4",
      "extras": {
        "transformData": {
          "eulerOrder": "ZYX",
          "translation": [
            -0.04215405792526683,
            0.33186170868810905,
            4.440892098500626e-16
          ],
          "preRotation": [
            7.95138670365879e-15,
            -3.1805546814635183e-15,
            -9.541664044390553e-15
          ],
          "parentMatrixWorld": {
            "elements": [
              0.8298672374580236,
              -0.5503048959091763,
              0.0921134611887913,
              0,
              0.49989068995533265,
              0.6599624491370005,
              -0.5608554749889436,
              0,
              0.24785008833924146,
              0.5114822453101209,
              0.8227735085931897,
              0,
              0.02039288398803185,
              0.6697034147898435,
              0,
              1
            ]
          }
        }
      }
    },
    {
      "rotation": [
        -0.2945892393349736,
        0.04278347544843475,
        -0.2885064219381284,
        0.9100279109989173
      ],
      "translation": [
        0.02039288398803185,
        0.6697034147898435,
        0
      ],
      "name": "mixamorigRightHandThumb3",
      "extras": {
        "transformData": {
          "eulerOrder": "ZYX",
          "translation": [
            0.02039288398803185,
            0.6697034147898435,
            0
          ],
          "preRotation": [
            18.20652264396505,
            0,
            2.9817700138720468e-15
          ],
          "parentMatrixWorld": {
            "elements": [
              0.9701133246558045,
              -0.2277989785532605,
              0.08359283496046323,
              0,
              0.24052345834419853,
              0.8572076181218209,
              -0.4553499339725867,
              0,
              0.03207183613051585,
              0.4618470761548499,
              0.886379531096338,
              0,
              0.02176117393723498,
              0.421442849809182,
              8.881784197001252e-16,
              1
            ]
          }
        }
      },
      "children": [
        16
      ]
    },
    {
      "rotation": [
        -0.23797383019864038,
        -0.013367520054953879,
        -0.12150986412500905,
        0.9635481865399217
      ],
      "translation": [
        0.02176117393723498,
        0.421442849809182,
        8.881784197001252e-16
      ],
      "scale": [
        1,
        0.9999999999999999,
        0.9999999999999999
      ],
      "name": "mixamorigRightHandThumb2",
      "extras": {
        "transformData": {
          "eulerOrder": "ZYX",
          "translation": [
            0.02176117393723498,
            0.421442849809182,
            8.881784197001252e-16
          ],
          "preRotation": [
            29.440809502381462,
            -7.951386703658794e-16,
            1.5902773407317588e-15
          ],
          "parentMatrixWorld": {
            "elements": [
              0.7457097206344039,
              0.6659895070493452,
              0.01936463404068475,
              0,
              -0.6660633678303287,
              0.74588792808526,
              -0.0032846264928902314,
              0,
              -0.016631373541576833,
              -0.010448695461538777,
              0.9998070924819811,
              0,
              0.5268236072044701,
              0.026810269600249015,
              -1.7348903647018687e-8,
              1
            ]
          }
        }
      },
      "children": [
        17
      ]
    },
    {
      "rotation": [
        0.0019170333306061545,
        -0.009632172248191623,
        0.3564440502246871,
        0.934265050882463
      ],
      "translation": [
        0.5268236072044701,
        0.026810269600249015,
        -1.7348903647018687e-8
      ],
      "scale": [
        1,
        0.9999999999999999,
        1
      ],
      "name": "mixamorigRightHandThumb1",
      "extras": {
        "transformData": {
          "eulerOrder": "ZYX",
          "translation": [
            0.5268236072044701,
            0.026810269600249015,
            -1.7348903647018687e-8
          ],
          "preRotation": [
            -0.000007884865329343251,
            6.361109362927035e-15,
            -84.13089778671926
          ],
          "parentMatrixWorld": {
            "elements": [
              0.6199892577842055,
              -0.3848233610976739,
              -0.683757473628736,
              0,
              0.21346284177065208,
              0.9213188472085062,
              -0.3249695265474511,
              0,
              0.7550145145444952,
              0.05552079569644435,
              0.6533532791924257,
              0,
              -2.220446049250313e-16,
              2.563948372652872,
              0,
              1
            ]
          }
        }
      },
      "children": [
        18
      ]
    },
    {
      "rotation": [
        -2.77555756156289e-17,
        -2.77555756156289e-17,
        8.32667268468867e-17,
        1
      ],
      "translation": [
        -0.00970909775558404,
        0.2435619830879565,
        8.881784197001252e-16
      ],
      "name": "mixamorigRightHandIndex4",
      "extras": {
        "transformData": {
          "eulerOrder": "ZYX",
          "translation": [
            -0.00970909775558404,
            0.2435619830879565,
            8.881784197001252e-16
          ],
          "preRotation": [
            -3.180554681463515e-15,
            -3.180554681463515e-15,
            9.541664044390546e-15
          ],
          "parentMatrixWorld": {
            "elements": [
              0.760005800629959,
              0.5760324984747867,
              -0.3009613541700528,
              0,
              -0.5534736978626681,
              0.3309131241838858,
              -0.7643057964488443,
              0,
              -0.34067292492536116,
              0.7474510321164681,
              0.5703147379014357,
              0,
              -0.003980162040511104,
              0.47701422108686486,
              0,
              1
            ]
          }
        }
      }
    },
    {
      "rotation": [
        -0.4633513619664448,
        -0.012171541115353422,
        0.34619207569194554,
        0.8156643924329243
      ],
      "translation": [
        -0.003980162040511104,
        0.47701422108686486,
        0
      ],
      "scale": [
        1,
        0.9999999999999999,
        0.9999999999999999
      ],
      "name": "mixamorigRightHandIndex3",
      "extras": {
        "transformData": {
          "eulerOrder": "ZYX",
          "translation": [
            -0.003980162040511104,
            0.47701422108686486,
            0
          ],
          "preRotation": [
            5.901785442955689,
            3.1805546814635168e-15,
            -3.1805546814635168e-15
          ],
          "parentMatrixWorld": {
            "elements": [
              0.6505257486798525,
              0.5991418542328741,
              -0.4667389891956776,
              0,
              -0.6055512326123642,
              0.038258579507533974,
              -0.7948861381567012,
              0,
              -0.4583927903126923,
              0.7997282703883997,
              0.3876992841932194,
              0,
              0.013689259796095143,
              0.7477722810006364,
              0,
              1
            ]
          }
        }
      },
      "children": [
        20
      ]
    },
    {
      "rotation": [
        -0.5533009770864089,
        0.002895972827140441,
        0.41800566862359445,
        0.7205004484819797
      ],
      "translation": [
        0.013689259796095143,
        0.7477722810006364,
        0
      ],
      "name": "mixamorigRightHandIndex2",
      "extras": {
        "transformData": {
          "eulerOrder": "ZYX",
          "translation": [
            0.013689259796095143,
            0.7477722810006364,
            0
          ],
          "preRotation": [
            4.773695493621061,
            0,
            -3.1805546814635168e-15
          ],
          "parentMatrixWorld": {
            "elements": [
              0.5603820774791719,
              0.6108261681199781,
              -0.5593418409426643,
              0,
              -0.7349676810674836,
              0.05540001029094054,
              -0.6758352564745376,
              0,
              -0.38183034252865533,
              0.7898241440014242,
              0.4799826893087162,
              0,
              0,
              1.1918014666928487,
              1.3632558726328625e-7,
              1
            ]
          }
        }
      },
      "children": [
        21
      ]
    },
    {
      "rotation": [
        -0.5062112646611875,
        0.0613091418612517,
        0.4648119516370582,
        0.7238378038944586
      ],
      "translation": [
        0,
        1.1918014666928487,
        1.3632558726328625e-7
      ],
      "scale": [
        0.9999999999999999,
        0.9999999999999999,
        0.9999999999999999
      ],
      "name": "mixamorigRightHandIndex1",
      "extras": {
        "transformData": {
          "eulerOrder": "ZYX",
          "translation": [
            0,
            1.1918014666928487,
            1.3632558726328625e-7
          ],
          "preRotation": [
            31.412561638223842,
            6.361109362927035e-15,
            31.98720661647149
          ],
          "parentMatrixWorld": {
            "elements": [
              0.6199892577842055,
              -0.3848233610976739,
              -0.683757473628736,
              0,
              0.21346284177065208,
              0.9213188472085062,
              -0.3249695265474511,
              0,
              0.7550145145444952,
              0.05552079569644435,
              0.6533532791924257,
              0,
              -2.220446049250313e-16,
              2.563948372652872,
              0,
              1
            ]
          }
        }
      },
      "children": [
        22
      ]
    },
    {
      "rotation": [
        -0.10643910393186495,
        0.4024848786699554,
        -0.16736574783965946,
        0.8936807718887305
      ],
      "translation": [
        -2.220446049250313e-16,
        2.563948372652872,
        0
      ],
      "scale": [
        1,
        0.9999999999999999,
        0.9999999999999999
      ],
      "name": "mixamorigRightHand",
      "extras": {
        "transformData": {
          "eulerOrder": "ZYX",
          "translation": [
            -2.220446049250313e-16,
            2.563948372652872,
            0
          ],
          "preRotation": [
            64.47533575236048,
            71.29763230288168,
            113.27985738780848
          ],
          "parentMatrixWorld": {
            "elements": [
              -0.31044910199896497,
              -0.7244644108059779,
              -0.615445131644366,
              0,
              0.8961872153331741,
              -0.4389431298223401,
              0.06463315755389124,
              0,
              -0.31696982137511914,
              -0.5314887463131861,
              0.7855252071199044,
              0,
              -1.1102230246251565e-16,
              2.1378493790313673,
              -8.881784197001252e-16,
              1
            ]
          }
        }
      },
      "children": [
        19,
        23
      ]
    },
    {
      "rotation": [
        0.29281769956043924,
        0.14661238441611993,
        -0.7960712026793222,
        0.5089531001387045
      ],
      "translation": [
        -1.1102230246251565e-16,
        2.1378493790313673,
        -8.881784197001252e-16
      ],
      "scale": [
        0.9999999999999999,
        1,
        1
      ],
      "name": "mixamorigRightForeArm",
      "extras": {
        "transformData": {
          "eulerOrder": "ZYX",
          "translation": [
            -1.1102230246251565e-16,
            2.1378493790313673,
            -8.881784197001252e-16
          ],
          "preRotation": [
            -17.555798374944892,
            27.362373803923848,
            -34.54096060139278
          ],
          "parentMatrixWorld": {
            "elements": [
              0.9969507244383151,
              -0.0018145981409734176,
              -0.07801256478825089,
              0,
              0.010053521895423053,
              0.9943846102846701,
              0.10534786901909352,
              0,
              0.07738332978589454,
              -0.10581093536564457,
              0.9913707006958171,
              0,
              0,
              2.5416879209398595,
              -8.881784197001252e-16,
              1
            ]
          }
        }
      },
      "children": [
        24
      ]
    },
    {
      "rotation": [
        0.052904190424360426,
        0.03893322857963967,
        -0.0029734648489516975,
        0.9978359119143956
      ],
      "translation": [
        0,
        2.5416879209398595,
        -8.881784197001252e-16
      ],
      "name": "mixamorigRightArm",
      "extras": {
        "transformData": {
          "eulerOrder": "ZYX",
          "translation": [
            0,
            2.5416879209398595,
            -8.881784197001252e-16
          ],
          "preRotation": [
            -6.930780561907861,
            0,
            7.802306043051146
          ],
          "parentMatrixWorld": {
            "elements": [
              0.04238463240791046,
              -0.006195789443408484,
              -0.9990821759174489,
              0,
              0.9614279294625524,
              -0.2717581145332435,
              0.04247252724740819,
              0,
              -0.27177181327746397,
              -0.9623456714271672,
              -0.005561587761429454,
              0,
              1.2521997690200806,
              1.790888304819382,
              -0.011513993545256285,
              1
            ]
          }
        }
      },
      "children": [
        25
      ]
    },
    {
      "rotation": [
        0.5743919251483658,
        0.4157579947578506,
        -0.5531301597191893,
        0.4373399741017556
      ],
      "translation": [
        1.2521997690200806,
        1.790888304819382,
        -0.011513993545256285
      ],
      "name": "mixamorigRightShoulder",
      "extras": {
        "transformData": {
          "eulerOrder": "ZYX",
          "translation": [
            1.2521997690200806,
            1.790888304819382,
            -0.011513993545256285
          ],
          "preRotation": [
            -76.93957134396203,
            89.51183072126861,
            -176.7622404769448
          ],
          "parentMatrixWorld": {
            "elements": [
              0.9999083963426677,
              0.004399084305505921,
              -0.012800272672728503,
              0,
              -0.004704371604392572,
              0.9997028424854459,
              -0.023918520306274626,
              0,
              0.012691249388099402,
              0.023976546521693617,
              0.9996319609761448,
              0,
              0,
              1.7759980078773365,
              0,
              1
            ]
          }
        }
      },
      "children": [
        26
      ]
    },
    {
      "rotation": [
        -0.011974899593283824,
        0.006373483479098907,
        0.002276079306131435,
        0.9999053949235284
      ],
      "translation": [
        0,
        1.7759980078773365,
        0
      ],
      "name": "mixamorigSpine2",
      "extras": {
        "transformData": {
          "eulerOrder": "ZYX",
          "translation": [
            0,
            1.7759980078773365,
            0
          ],
          "preRotation": [
            -7.951386703658792e-16,
            -2.2483335205692996e-31,
            -1.8948761802957517e-30
          ],
          "parentMatrixWorld": {
            "elements": [
              0.9999141718195301,
              0.004032286217150694,
              -0.012465538924778048,
              0,
              -0.004331845898646282,
              0.9997002116391811,
              -0.024098173249334734,
              0,
              0.012364631168480581,
              0.024150103741134264,
              0.9996318764316799,
              0,
              0,
              1.5539973888629084,
              0,
              1
            ]
          }
        }
      },
      "children": [
        3,
        15,
        27
      ]
    },
    {
      "rotation": [
        -0.01206320592410161,
        0.00620812749488687,
        0.0020912300787276224,
        0.9999057732669481
      ],
      "translation": [
        0,
        1.5539973888629084,
        0
      ],
      "name": "mixamorigSpine1",
      "extras": {
        "transformData": {
          "eulerOrder": "ZYX",
          "translation": [
            0,
            1.5539973888629084,
            0
          ],
          "preRotation": [
            -0.0000010409712342878852,
            1.8207363479456905e-31,
            6.396440711104226e-17
          ],
          "parentMatrixWorld": {
            "elements": [
              0.9997932789867858,
              0.01786458363504944,
              -0.009708549956789252,
              0,
              -0.01725187630402703,
              0.9980553456270256,
              0.05989908020357793,
              0,
              0.010759742316045465,
              -0.05971920710115327,
              0.9981572242034213,
              0,
              2.220446049250313e-16,
              1.325434684753418,
              0.13206604123115556,
              1
            ]
          }
        }
      },
      "children": [
        28
      ]
    },
    {
      "rotation": [
        0.02991951351684456,
        0.005119629791753266,
        0.008783501431802997,
        0.9995006038232092
      ],
      "translation": [
        2.220446049250313e-16,
        1.325434684753418,
        0.13206604123115556
      ],
      "scale": [
        1,
        0.9999999999999999,
        0.9999999999999999
      ],
      "name": "mixamorigSpine",
      "extras": {
        "transformData": {
          "eulerOrder": "ZYX",
          "translation": [
            2.220446049250313e-16,
            1.325434684753418,
            0.13206604123115556
          ],
          "preRotation": [
            5.690159070241783,
            0,
            -9.512825821049811e-15
          ],
          "parentMatrixWorld": {
            "elements": [
              -0.04390453717280263,
              -0.005864856106622643,
              -0.9990185126728534,
              0,
              -0.06484953035899095,
              0.9978905194674618,
              -0.003008248030582538,
              0,
              0.9969287455041357,
              0.06465380581871266,
              -0.04419225456488629,
              0,
              1.57801982761168,
              8.069844721816988,
              -0.2597044543064546,
              1
            ]
          }
        }
      },
      "children": [
        29
      ]
    },
    {
      "rotation": [
        1.3267924085791357e-17,
        -5.599787753857384e-18,
        4.336808689942019e-19,
        1
      ],
      "translation": [
        0,
        1.5816531002285914,
        0
      ],
      "name": "mixamorigLeftToe_End",
      "extras": {
        "transformData": {
          "eulerOrder": "ZYX",
          "translation": [
            0,
            1.5816531002285914,
            0
          ],
          "preRotation": [
            1.520392106031632e-15,
            -6.416884089301423e-16,
            4.969616689786745e-17
          ],
          "parentMatrixWorld": {
            "elements": [
              0.9860321199589996,
              0.000013009480856612798,
              0.16655526943931237,
              0,
              -0.10657881771432216,
              0.7685069732063556,
              0.6309025123522947,
              0,
              -0.12799067763656002,
              -0.6398414055909272,
