{
  "asset": {
    "version": "2.0",
    "generator": "GLTFExporter"
  },
  "scenes": [
    {
      "name": "AuxScene",
      "nodes": [
        42
      ]
    }
  ],
  "scene": 0,
  "nodes": [
    {
      "name": "unamed",
      "extras": {
        "transformData": {
          "eulerOrder": "ZYX",
          "parentMatrixWorld": {
            "elements": [
              1,
              0,
              0,
              0,
              0,
              1,
              0,
              0,
              0,
              0,
              1,
              0,
              -1.6999999284744263,
              -12.25,
              -0.25,
              1
            ]
          }
        }
      },
      "mesh": 0,
      "skin": 0
    },
    {
      "translation": [
        0.09015077352523804,
        3.2659454345703125,
        5.551115123125783e-17
      ],
      "name": "mixamorigHeadTop_End",
      "extras": {
        "transformData": {
          "eulerOrder": "ZYX",
          "translation": [
            0.09015077352523804,
            3.2659454345703125,
            5.551115123125783e-17
          ],
          "parentMatrixWorld": {
            "elements": [
              1,
              0,
              0,
              0,
              0,
              1,
              2.958227924381054e-31,
              0,
              0,
              -2.958227924381054e-31,
              1,
              0,
              0.06952941417694092,
              2.5188827514648438,
              2.7755575615628914e-17,
              1
            ]
          }
        }
      }
    },
    {
      "rotation": [
        1.479113962190527e-31,
        0,
        0,
        1
      ],
      "translation": [
        0.06952941417694092,
        2.5188827514648438,
        2.7755575615628914e-17
      ],
      "name": "mixamorigHead",
      "extras": {
        "transformData": {
          "eulerOrder": "ZYX",
          "translation": [
            0.06952941417694092,
            2.5188827514648438,
            2.7755575615628914e-17
          ],
          "parentMatrixWorld": {
            "elements": [
              0.9999439947894376,
              -0.010583349339846799,
              -1.3009894719943065e-7,
              0,
              0.010583349339846872,
              0.9999439947894461,
              -1.1707609140509686e-10,
              0,
              1.300929000376058e-7,
              -1.2598130880950754e-9,
              0.9999999999999916,
              0,
              3.58695449453883e-8,
              2.9856227230513674,
              0,
              1
            ]
          }
        }
      },
      "children": [
        1
      ]
    },
    {
      "rotation": [
        2.8568825083397087e-10,
        6.504887295477602e-8,
        -0.00529174879193306,
        0.9999859929084778
      ],
      "translation": [
        3.58695449453883e-8,
        2.9856227230513674,
        0
      ],
      "scale": [
        0.9999999999999999,
        0.9999999999999999,
        1
      ],
      "name": "mixamorigNeck",
      "extras": {
        "transformData": {
          "eulerOrder": "ZYX",
          "translation": [
            3.58695449453883e-8,
            2.9856227230513674,
            0
          ],
          "preRotation": [
            5.99192042135762e-16,
            6.3418139382954985e-18,
            -0.6063925764552555
          ],
          "parentMatrixWorld": {
            "elements": [
              1,
              -1.734723475976807e-18,
              2.6727647100921956e-51,
              0,
              1.734723475976807e-18,
              1,
              1.2924693989653146e-26,
              0,
              -2.2420772756432363e-44,
              -1.2924693989653146e-26,
              1,
              0,
              -5.551115123125783e-17,
              2.6538875103309216,
              0,
              1
            ]
          }
        }
      },
      "children": [
        2
      ]
    },
    {
      "rotation": [
        -2.775557561562894e-17,
        -4.16333634234434e-17,
        -2.775557561562893e-17,
        1
      ],
      "translation": [
        0.19984808761812722,
        0.4899597971629426,
        0
      ],
      "name": "mixamorigLeftHandThumb4",
      "extras": {
        "transformData": {
          "eulerOrder": "ZYX",
          "translation": [
            0.19984808761812722,
            0.4899597971629426,
            0
          ],
          "preRotation": [
            -3.1805546814635195e-15,
            -4.770832022195278e-15,
            -3.1805546814635187e-15
          ],
          "parentMatrixWorld": {
            "elements": [
              0.6820482712950018,
              0.7312845380525863,
              0.005750430733609471,
              0,
              -0.7312854227865395,
              0.6820675336164879,
              -0.0023446602956652433,
              0,
              -0.005636795926664115,
              -0.0026060347667005964,
              0.9999807173709467,
              0,
              -0.33363963958225895,
              0.7216056544591929,
              0,
              1
            ]
          }
        }
      }
    },
    {
      "rotation": [
        0.00007125231059035286,
        -0.0031042289920151234,
        0.39870569109916687,
        0.917073667049408
      ],
      "translation": [
        -0.33363963958225895,
        0.7216056544591929,
        0
      ],
      "name": "mixamorigLeftHandThumb3",
      "extras": {
        "transformData": {
          "eulerOrder": "ZYX",
          "translation": [
            -0.33363963958225895,
            0.7216056544591929,
            0
          ],
          "preRotation": [
            14.157508820496615,
            2.087239009710433e-15,
            0
          ],
          "parentMatrixWorld": {
            "elements": [
              0.7477009733424298,
              -0.6639475628488724,
              -0.010811502381222832,
              0,
              0.6639376629996251,
              0.7477712184178633,
              -0.004998488799722339,
              0,
              0.011403264764646065,
              -0.0034407886781257224,
              0.9999290607468481,
              0,
              0.13379155196413173,
              0.4433550164959481,
              0,
              1
            ]
          }
        }
      },
      "children": [
        4
      ]
    },
    {
      "rotation": [
        -0.00041658664122223854,
        0.0059410505928099155,
        -0.35512563586235046,
        0.9347996115684509
      ],
      "translation": [
        0.13379155196413173,
        0.4433550164959481,
        0
      ],
      "name": "mixamorigLeftHandThumb2",
      "extras": {
        "transformData": {
          "eulerOrder": "ZYX",
          "translation": [
            0.13379155196413173,
            0.4433550164959481,
            0
          ],
          "preRotation": [
            -9.104412165808581,
            -1.987846675914698e-16,
            0
          ],
          "parentMatrixWorld": {
            "elements": [
              0.9907736277677404,
              -0.021417614857672795,
              -0.13382415677824921,
              0,
              0.09473721763218368,
              0.8155583942972817,
              0.5708672156934236,
              0,
              0.09691480154709753,
              -0.5782783102728806,
              0.8100627940841516,
              0,
              -0.368197351026744,
              0.4466887407131095,
              6.082649939287421e-9,
              1
            ]
          }
        }
      },
      "children": [
        5
      ]
    },
    {
      "rotation": [
        0.3021392226219177,
        0.060667067766189575,
        -0.030540022999048233,
        0.9508410692214966
      ],
      "translation": [
        -0.368197351026744,
        0.4466887407131095,
        6.082649939287421e-9
      ],
      "name": "mixamorigLeftHandThumb1",
      "extras": {
        "transformData": {
          "eulerOrder": "ZYX",
          "translation": [
            -0.368197351026744,
            0.4466887407131095,
            6.082649939287421e-9
          ],
          "preRotation": [
            -0.00002708217259945392,
            -1.7890620083232284e-15,
            56.29049815507273
          ],
          "parentMatrixWorld": {
            "elements": [
              0.16763969227633402,
              -2.3665884725599718e-7,
              0.9858483500570262,
              0,
              4.116399640389018e-7,
              0.9999999999999009,
              1.7005825144386192e-7,
              0,
              -0.9858483500569687,
              3.773060546738612e-7,
              0.16763969227641484,
              0,
              0,
              3.122209092046708,
              0,
              1
            ]
          }
        }
      },
      "children": [
        6
      ]
    },
    {
      "rotation": [
        6.938893903907235e-17,
        2.0816681711721707e-17,
        -6.938893903907238e-18,
        1
      ],
      "translation": [
        0.030028654960784884,
        0.19221242304557506,
        0
      ],
      "name": "mixamorigLeftHandIndex4",
      "extras": {
        "transformData": {
          "eulerOrder": "ZYX",
          "translation": [
            0.030028654960784884,
            0.19221242304557506,
            0
          ],
          "preRotation": [
            7.951386703658798e-15,
            2.38541601109764e-15,
            -7.951386703658801e-16
          ],
          "parentMatrixWorld": {
            "elements": [
              0.97696134733242,
              0.2134141056569191,
              -0.0009723157286938536,
              0,
              -0.2134140601532345,
              0.9769618293681547,
              0.0001515233806819122,
              0,
              0.0009822525797868217,
              0.00005947336093469423,
              0.999999515821278,
              0,
              -0.053715993107624094,
              0.8904994028078672,
              0,
              1
            ]
          }
        }
      }
    },
    {
      "rotation": [
        0.000023146205421653576,
        0.0004914810415357351,
        0.10732699930667877,
        0.9942236542701721
      ],
      "translation": [
        -0.053715993107624094,
        0.8904994028078672,
        0
      ],
      "name": "mixamorigLeftHandIndex3",
      "extras": {
        "transformData": {
          "eulerOrder": "ZYX",
          "translation": [
            -0.053715993107624094,
            0.8904994028078672,
            0
          ],
          "preRotation": [
            1.1853834198144129,
            0,
            0
          ],
          "parentMatrixWorld": {
            "elements": [
              0.9966987506332432,
              -0.08106309629693799,
              -0.0045138725530926155,
              0,
              0.08106269250132568,
              0.9967089673980128,
              -0.0002726406567284956,
              0,
              0.004521118347015782,
              -0.00009416605302059455,
              0.9999897752587683,
              0,
              0.02368733814683832,
              1.132603374232124,
              -1.1102230246251565e-16,
              1
            ]
          }
        }
      },
      "children": [
        8
      ]
    },
    {
      "rotation": [
        -0.00004465552046895027,
        0.002260614186525345,
        -0.04056493937969208,
        0.9991743564605713
      ],
      "translation": [
        0.02368733814683832,
        1.132603374232124,
        -1.1102230246251565e-16
      ],
      "name": "mixamorigLeftHandIndex2",
      "extras": {
        "transformData": {
          "eulerOrder": "ZYX",
          "translation": [
            0.02368733814683832,
            1.132603374232124,
            -1.1102230246251565e-16
          ],
          "preRotation": [
            -13.11592168318522,
            -7.951386703658794e-16,
            7.951386703658794e-16
          ],
          "parentMatrixWorld": {
            "elements": [
              0.9978994211499631,
              0.020920417955300117,
              0.0613113464444124,
              0,
              -0.020881075240958804,
              0.9997811440979066,
              -0.0012824135385138928,
              0,
              -0.061324756722164184,
              -5.271649265552181e-7,
              0.9981178658119069,
              0,
              0,
              0.5443847014096539,
              -3.836472473039976e-9,
              1
            ]
          }
        }
      },
      "children": [
        9
      ]
    },
    {
      "rotation": [
        -0.00032064004335552454,
        -0.030675141140818596,
        0.01045586634427309,
        0.9994746446609497
      ],
      "translation": [
        0,
        0.5443847014096539,
        -3.836472473039976e-9
      ],
      "name": "mixamorigLeftHandIndex1",
      "extras": {
        "transformData": {
          "eulerOrder": "ZYX",
          "translation": [
            0,
            0.5443847014096539,
            -3.836472473039976e-9
          ],
          "preRotation": [
            20.07163240205225,
            0,
            -20.80211476054177
          ],
          "parentMatrixWorld": {
            "elements": [
              0.16763969227633402,
              -2.3665884725599718e-7,
              0.9858483500570262,
              0,
              4.116399640389018e-7,
              0.9999999999999009,
              1.7005825144386192e-7,
              0,
              -0.9858483500569687,
              3.773060546738612e-7,
              0.16763969227641484,
              0,
              0,
              3.122209092046708,
              0,
              1
            ]
          }
        }
      },
      "children": [
        10
      ]
    },
    {
      "rotation": [
        -6.780949490803323e-8,
        -0.6451202630996704,
        -2.1211715761637606e-7,
        0.7640810608863831
      ],
      "translation": [
        0,
        3.122209092046708,
        0
      ],
      "name": "mixamorigLeftHand",
      "extras": {
        "transformData": {
          "eulerOrder": "ZYX",
          "translation": [
            0,
            3.122209092046708,
            0
          ],
          "preRotation": [
            -55.289884864312896,
            -74.59151773216732,
            47.69135244517892
          ],
          "parentMatrixWorld": {
            "elements": [
              0.9999120607780518,
              -3.5976421897567463e-7,
              0.01326162536309211,
              0,
              3.6005044464500465e-7,
              0.999999999999935,
              -1.919546821971615e-8,
              0,
              -0.013261625363084341,
              2.3968634380425198e-8,
              0.9999120607781163,
              0,
              2.220446049250313e-16,
              3.9669429542192134,
              0,
              1
            ]
          }
        }
      },
      "children": [
        7,
        11
      ]
    },
    {
      "rotation": [
        -1.0791262994302997e-8,
        -0.0066309585236012936,
        -1.7995762391365133e-7,
        0.9999780058860779
      ],
      "translation": [
        2.220446049250313e-16,
        3.9669429542192134,
        0
      ],
      "name": "mixamorigLeftForeArm",
      "extras": {
        "transformData": {
          "eulerOrder": "ZYX",
          "translation": [
            2.220446049250313e-16,
            3.9669429542192134,
            0
          ],
          "preRotation": [
            10.103797488210672,
            3.975693351829397e-16,
            -8.579519054693854
          ],
          "parentMatrixWorld": {
            "elements": [
              0.9997492672949625,
              -0.021150774594942925,
              0.007351687022542061,
              0,
              0.022106348245251192,
              0.9845596022258399,
              -0.1736482092131238,
              0,
              -0.003565380106408847,
              0.1737671888755154,
              0.9847803072989865,
              0,
              5.551115123125783e-17,
              4.643107279852378,
              -3.552713678800501e-15,
              1
            ]
          }
        }
      },
      "children": [
        12
      ]
    },
    {
      "rotation": [
        -0.0871913954615593,
        -0.0027398737147450447,
        -0.010856308974325657,
        0.9961286783218384
      ],
      "translation": [
        5.551115123125783e-17,
        4.643107279852378,
        -3.552713678800501e-15
      ],
      "name": "mixamorigLeftArm",
      "extras": {
        "transformData": {
          "eulerOrder": "ZYX",
          "translation": [
            5.551115123125783e-17,
            4.643107279852378,
            -3.552713678800501e-15
          ],
          "preRotation": [
            48.52580446502998,
            -2.2880922127543437,
            -6.216977570608766e-16
          ],
          "parentMatrixWorld": {
            "elements": [
              -0.9997381715893993,
              0.00589963068469601,
              -0.022106257559182715,
              0,
              0.02074490453355693,
              -0.17381642380062345,
              -0.9845595174500896,
              0,
              -0.009650968934896587,
              -0.984760371269805,
              0.17364858278849482,
              0,
              0.04181455310061194,
              1.982592958874541,
              -2.0828030854463577,
              1
            ]
          }
        }
      },
      "children": [
        13
      ]
    },
    {
      "rotation": [
        -0.010364234447479248,
        -0.6427038908004761,
        0.7660292387008667,
        -0.00484487833455205
      ],
      "translation": [
        0.04181455310061194,
        1.982592958874541,
        -2.0828030854463577
      ],
      "scale": [
        0.9999999999999999,
        1,
        1
      ],
      "name": "mixamorigLeftShoulder",
      "extras": {
        "transformData": {
          "eulerOrder": "ZYX",
          "translation": [
            0.04181455310061194,
            1.982592958874541,
            -2.0828030854463577
          ],
          "preRotation": [
            -64.23499065769538,
            1.146195514053332,
            179.99587442176136
          ],
          "parentMatrixWorld": {
            "elements": [
              1,
              -1.734723475976807e-18,
              2.6727647100921956e-51,
              0,
              1.734723475976807e-18,
              1,
              1.2924693989653146e-26,
              0,
              -2.2420772756432363e-44,
              -1.2924693989653146e-26,
              1,
              0,
              -5.551115123125783e-17,
              2.6538875103309216,
              0,
              1
            ]
          }
        }
      },
      "children": [
        14
      ]
    },
    {
      "rotation": [
        0,
        2.0816681711721676e-17,
        0,
        1
      ],
      "translation": [
        -0.18448226332106366,
        0.49833461515210953,
        0
      ],
      "name": "mixamorigRightHandThumb4",
      "extras": {
        "transformData": {
          "eulerOrder": "ZYX",
          "translation": [
            -0.18448226332106366,
            0.49833461515210953,
            0
          ],
          "preRotation": [
            0,
            2.3854160110976364e-15,
            0
          ],
          "parentMatrixWorld": {
            "elements": [
              0.709158777409858,
              -0.7050147097485553,
              -0.006932978102497293,
              0,
              0.7050167071651199,
              0.7091860334431302,
              -0.0025673554289629523,
              0,
              0.006726794575488556,
              -0.003067202961577576,
              0.9999726708759258,
              0,
              0.3199285745032565,
              0.7014694917361357,
              0,
              1
            ]
          }
        }
      }
    },
    {
      "rotation": [
        0.00013517655315808952,
        0.0036940884310752153,
        -0.3813226521015167,
        0.9244346022605896
      ],
      "translation": [
        0.3199285745032565,
        0.7014694917361357,
        0
      ],
      "name": "mixamorigRightHandThumb3",
      "extras": {
        "transformData": {
          "eulerOrder": "ZYX",
          "translation": [
            0.3199285745032565,
            0.7014694917361357,
            0
          ],
          "preRotation": [
            10.664583775520041,
            -9.93923337957349e-16,
            -1.5902773407317584e-15
          ],
          "parentMatrixWorld": {
            "elements": [
              0.7602660263103651,
              0.649532110106627,
              0.010180032320032464,
              0,
              -0.6495228313069742,
              0.7603279308156476,
              -0.004642747596202507,
              0,
              -0.010755776521304702,
              -0.0030824397322089248,
              0.9999374039626072,
              0,
              -0.13544631118219463,
              0.47238557631630584,
              0,
              1
            ]
          }
        }
      },
      "children": [
        16
      ]
    },
    {
      "rotation": [
        -0.0004157920484431088,
        -0.005578990560024977,
        0.34617316722869873,
        0.9381539821624756
      ],
      "translation": [
        -0.13544631118219463,
        0.47238557631630584,
        0
      ],
      "name": "mixamorigRightHandThumb2",
      "extras": {
        "transformData": {
          "eulerOrder": "ZYX",
          "translation": [
            -0.13544631118219463,
            0.47238557631630584,
            0
          ],
          "preRotation": [
            -8.082824133076102,
            2.1866313435061676e-15,
            1.5902773407317584e-15
          ],
          "parentMatrixWorld": {
            "elements": [
              0.9932981479552748,
              0.09044508449750976,
              0.07196163240743592,
              0,
              -0.11508149662882028,
              0.8317094913453476,
              0.5431533721714494,
              0,
              -0.010725622694064851,
              -0.5477946907900666,
              0.8365440525777518,
              0,
              0.25626208464890254,
              0.5582681431286982,
              -2.3203801102766874e-8,
              1
            ]
          }
        }
      },
      "children": [
        17
      ]
    },
    {
      "rotation": [
        0.28506341576576233,
        -0.02160608023405075,
        0.05370384827256203,
        0.9567590951919556
      ],
      "translation": [
        0.25626208464890254,
        0.5582681431286982,
        -2.3203801102766874e-8
      ],
      "name": "mixamorigRightHandThumb1",
      "extras": {
        "transformData": {
          "eulerOrder": "ZYX",
          "translation": [
            0.25626208464890254,
            0.5582681431286982,
            -2.3203801102766874e-8
          ],
          "preRotation": [
            -0.000006413456174676314,
            2.5842006786891068e-15,
            -40.65567924307826
          ],
          "parentMatrixWorld": {
            "elements": [
              -0.125902833803353,
              1.3881559319246068e-7,
              0.9920425969600761,
              0,
              -7.27040019702621e-7,
              0.9999999999997088,
              -2.3219968861007782e-7,
              0,
              -0.9920425969598193,
              -7.504892515728855e-7,
              -0.1259028338032153,
              0,
              1.1102230246251565e-16,
              3.125381659096444,
              0,
              1
            ]
          }
        }
      },
      "children": [
        18
      ]
    },
    {
      "rotation": [
        2.6075062248276388e-17,
        -3.2526065174565114e-18,
        1.387778780781445e-17,
        1
      ],
      "translation": [
        -0.03829296246763292,
        0.4162300159408012,
        0
      ],
      "name": "mixamorigRightHandIndex4",
      "extras": {
        "transformData": {
          "eulerOrder": "ZYX",
          "translation": [
            -0.03829296246763292,
            0.4162300159408012,
            0
          ],
          "preRotation": [
            2.987982034734281e-15,
            -3.727212517340057e-16,
            1.5902773407317576e-15
          ],
          "parentMatrixWorld": {
            "elements": [
              0.9953583314737481,
              -0.09585009271724962,
              0.00863434377478417,
              0,
              0.09584679869053027,
              0.995395779899661,
              0.000795448071721251,
              0,
              -0.0086708331262611,
              0.00003581832620783847,
              0.9999624069791664,
              0,
              0.003326473058633539,
              0.7796095885428329,
              5.551115123125783e-17,
              1
            ]
          }
        }
      }
    },
    {
      "rotation": [
        0.00019012819393537939,
        -0.004331323318183422,
        -0.0479799322783947,
        0.9988389015197754
      ],
      "translation": [
        0.003326473058633539,
        0.7796095885428329,
        5.551115123125783e-17
      ],
      "scale": [
        1,
        0.9999999999999999,
        0.9999999999999999
      ],
      "name": "mixamorigRightHandIndex3",
      "extras": {
        "transformData": {
          "eulerOrder": "ZYX",
          "translation": [
            0.003326473058633539,
            0.7796095885428329,
            5.551115123125783e-17
          ],
          "preRotation": [
            11.305447058890614,
            3.975693351829396e-16,
            0
          ],
          "parentMatrixWorld": {
            "elements": [
              0.9995895856736383,
              -0.028621479932198376,
              0.0012129086621639668,
              0,
              0.028621508100554586,
              0.9995903207252693,
              -0.0000058689758609193265,
              0,
              -0.0012122437798870954,
              0.00004058184021317327,
              0.9999992644088388,
              0,
              0.03496648940899938,
              1.064826354596283,
              -5.551115123125783e-17,
              1
            ]
          }
        }
      },
      "children": [
        20
      ]
    },
    {
      "rotation": [
        -0.000011613895367190707,
        -0.0006063503096811473,
        -0.014312215149402618,
        0.9998974204063416
      ],
      "translation": [
        0.03496648940899938,
        1.064826354596283,
        -5.551115123125783e-17
      ],
      "name": "mixamorigRightHandIndex2",
      "extras": {
        "transformData": {
          "eulerOrder": "ZYX",
          "translation": [
            0.03496648940899938,
            1.064826354596283,
            -5.551115123125783e-17
          ],
          "preRotation": [
            -3.745838335127399,
            -3.975693351829396e-16,
            1.5902773407317584e-15
          ],
          "parentMatrixWorld": {
            "elements": [
              0.9940274242473595,
              0.0328519937357947,
              -0.10406837135821893,
              0,
              -0.032673369735446905,
              0.9994602275568969,
              0.003421169795604223,
              0,
              0.1041245903699008,
              -4.7210023182420175e-7,
              0.9945642610131075,
              0,
              1.7763568394002505e-15,
              0.3707889893952476,
              -3.4204898469170075e-8,
              1
            ]
          }
        }
      },
      "children": [
        21
      ]
    },
    {
      "rotation": [
        0.0008566909236833453,
        0.05212615057826042,
        0.0164058618247509,
        0.9985053539276123
      ],
      "translation": [
        1.7763568394002505e-15,
        0.3707889893952476,
        -3.4204898469170075e-8
      ],
      "scale": [
        1,
        1,
        0.9999999999999999
      ],
      "name": "mixamorigRightHandIndex1",
      "extras": {
        "transformData": {
          "eulerOrder": "ZYX",
          "translation": [
            1.7763568394002505e-15,
            0.3707889893952476,
            -3.4204898469170075e-8
          ],
          "preRotation": [
            13.584634966207224,
            -1.590277340731758e-15,
            46.04377923010332
          ],
          "parentMatrixWorld": {
            "elements": [
              -0.125902833803353,
              1.3881559319246068e-7,
              0.9920425969600761,
              0,
              -7.27040019702621e-7,
              0.9999999999997088,
              -2.3219968861007782e-7,
              0,
              -0.9920425969598193,
              -7.504892515728855e-7,
              -0.1259028338032153,
              0,
              1.1102230246251565e-16,
              3.125381659096444,
              0,
              1
            ]
          }
        }
      },
      "children": [
        22
      ]
    },
    {
      "rotation": [
        1.959961792863396e-7,
        -0.7503008842468262,
        3.2743162137194304e-7,
        0.6610965132713318
      ],
      "translation": [
        1.1102230246251565e-16,
        3.125381659096444,
        0
      ],
      "scale": [
        1,
        1,
        0.9999999999999999
      ],
      "name": "mixamorigRightHand",
      "extras": {
        "transformData": {
          "eulerOrder": "ZYX",
          "translation": [
            1.1102230246251565e-16,
            3.125381659096444,
            0
          ],
          "preRotation": [
            102.04270975813104,
            -60.38060820171777,
            -105.60451709560066
          ],
          "parentMatrixWorld": {
            "elements": [
              0.9999230493606766,
              -6.684006406577555e-7,
              -0.012405456555483217,
              0,
              6.674487809577007e-7,
              0.999999999999774,
              -8.086927541189738e-8,
              0,
              0.012405456555534468,
              7.258304537471516e-8,
              0.9999230493608966,
              0,
              0,
              3.9644094082465795,
              0,
              1
            ]
          }
        }
      },
      "children": [
        19,
        23
      ]
    },
    {
      "rotation": [
        -3.836381878841166e-8,
        0.006202847696840763,
        -3.3396878507119254e-7,
        0.9999807476997375
      ],
      "translation": [
        0,
        3.9644094082465795,
        0
      ],
      "name": "mixamorigRightForeArm",
      "extras": {
        "transformData": {
          "eulerOrder": "ZYX",
          "translation": [
            0,
            3.9644094082465795,
            0
          ],
          "preRotation": [
            -10.316308534876796,
            9.93923337957349e-17,
            -7.861834914861794
          ],
          "parentMatrixWorld": {
            "elements": [
              -0.9992875448185226,
              -0.034813719782936015,
              -0.014580456770404121,
              0,
              -0.03176034061734667,
              0.9843175456125078,
              -0.17352305780823127,
              0,
              0.020392782267962678,
              -0.17293633436072323,
              -0.9847219604524149,
              0,
              1.1102230246251565e-16,
              4.644244510143577,
              0,
              1
            ]
          }
        }
      },
      "children": [
        24
      ]
    },
    {
      "rotation": [
        -0.01670980267226696,
        0.9960330128669739,
        -0.08695981651544571,
        0.008778132498264313
      ],
      "translation": [
        1.1102230246251565e-16,
        4.644244510143577,
        0
      ],
      "name": "mixamorigRightArm",
      "extras": {
        "transformData": {
          "eulerOrder": "ZYX",
          "translation": [
            1.1102230246251565e-16,
            4.644244510143577,
            0
          ],
          "preRotation": [
            131.48355037249954,
            -0.7539753993084677,
            180
          ],
          "parentMatrixWorld": {
            "elements": [
              0.9994580551403607,
              -0.008650181666782273,
              -0.031761144544853064,
              0,
              0.02977511757275236,
              -0.173876238247729,
              0.9843171977902975,
              0,
              -0.014037033846085843,
              -0.9847294439841568,
              -0.17352444668083475,
              0,
              0.06279647787510984,
              1.982370887395568,
              2.0828029364347453,
              1
            ]
          }
        }
      },
      "children": [
        25
      ]
    },
    {
      "rotation": [
        0.7659730315208435,
        0.006894804071635008,
        -0.014947712421417236,
        0.6426618695259094
      ],
      "translation": [
        0.06279647787510984,
        1.982370887395568,
        2.0828029364347453
      ],
      "scale": [
        0.9999999999999999,
        0.9999999999999999,
        0.9999999999999999
      ],
      "name": "mixamorigRightShoulder",
      "extras": {
        "transformData": {
          "eulerOrder": "ZYX",
          "translation": [
            0.06279647787510984,
            1.982370887395568,
            2.0828029364347453
          ],
          "preRotation": [
            115.76423749122031,
            1.7216420579218534,
            -0.005575338740198786
          ],
          "parentMatrixWorld": {
            "elements": [
              1,
              -1.734723475976807e-18,
              2.6727647100921956e-51,
              0,
              1.734723475976807e-18,
              1,
              1.2924693989653146e-26,
              0,
              -2.2420772756432363e-44,
              -1.2924693989653146e-26,
              1,
              0,
              -5.551115123125783e-17,
              2.6538875103309216,
              0,
              1
            ]
          }
        }
      },
      "children": [
        26
      ]
    },
    {
      "rotation": [
        6.462346994826573e-27,
        -5.605193857299268e-45,
        -8.673617379884035e-19,
        1
      ],
      "translation": [
        -5.551115123125783e-17,
        2.6538875103309216,
        0
      ],
      "name": "mixamorigSpine2",
      "extras": {
        "transformData": {
          "eulerOrder": "ZYX",
          "translation": [
            -5.551115123125783e-17,
            2.6538875103309216,
            0
          ],
          "preRotation": [
            -1.7655625192200639e-31,
            0,
            0
          ],
          "parentMatrixWorld": {
            "elements": [
              1,
              1.526871074020164e-9,
              3.064278673723539e-34,
              0,
              -1.526871074020164e-9,
              1,
              -1.045845972917543e-17,
              0,
              -1.596871994571059e-26,
              1.045845972917543e-17,
              1,
              0,
              -5.551115123125783e-17,
              2.3221507754105755,
              0,
              1
            ]
          }
        }
      },
      "children": [
        3,
        15,
        27
      ]
    },
    {
      "rotation": [
        -5.229229864587715e-18,
        -3.992180063034615e-27,
        7.63435537010082e-10,
        1
      ],
      "translation": [
        -5.551115123125783e-17,
        2.3221507754105755,
        0
      ],
      "name": "mixamorigSpine1",
      "extras": {
        "transformData": {
          "eulerOrder": "ZYX",
          "translation": [
            -5.551115123125783e-17,
            2.3221507754105755,
            0
          ],
          "preRotation": [
            -5.992256018920193e-16,
            0,
            8.748326899831652e-8
          ],
          "parentMatrixWorld": {
            "elements": [
              0.9999439918869545,
              0.010583614993671784,
              0.000013482122573403466,
              0,
              -0.010583614532453703,
              0.9999439914103387,
              -0.000033833539628118245,
              0,
              -0.000013839448619476168,
              0.00003368895508561526,
              0.999999999336762,
              0,
              -0.021065235137939453,
              1.9903039932250977,
              0,
              1
            ]
          }
        }
      },
      "children": [
        28
      ]
    },
    {
      "rotation": [
        -0.000016880860130186193,
        -0.000006830488473497098,
        0.005291881505399942,
        0.9999859929084778
      ],
      "translation": [
        -0.021065235137939453,
        1.9903039932250977,
        0
      ],
      "name": "mixamorigSpine",
      "extras": {
        "transformData": {
          "eulerOrder": "ZYX",
          "translation": [
            -0.021065235137939453,
            1.9903039932250977,
            0
          ],
          "preRotation": [
            0,
            0,
            0.6063924889719865
          ],
          "parentMatrixWorld": {
            "elements": [
              0.000013858074431882805,
              -2.674168742221837e-7,
              0.9999999660005068,
              0,
              -0.000033277216233660494,
              0.9999999994462775,
              2.6787690402723177e-7,
              0,
              -0.9999999654468559,
              -0.000033277219933655665,
              0.000013858065525340635,
              0,
              -0.00004742117744171992,
              8.689458847045898,
              -0.18168598413467407,
              1
            ]
          }
        }
      },
      "children": [
        29
      ]
    },
    {
      "rotation": [
        3.556183125752454e-17,
        3.4694469519536134e-18,
        -8.6736173798840345e-19,
        1
      ],
      "translation": [
        0,
        1.8670205305806444,
        -2.7755575615628914e-17
      ],
      "name": "mixamorigLeftToe_End",
      "extras": {
        "transformData": {
          "eulerOrder": "ZYX",
          "translation": [
            0,
            1.8670205305806444,
            -2.7755575615628914e-17
          ],
          "preRotation": [
            4.07508568562513e-15,
            3.975693351829395e-16,
            -9.939233379573487e-17
          ],
          "parentMatrixWorld": {
            "elements": [
              0.9997150754256033,
              -0.02386981235348317,
              5.972501659901042e-10,
              0,
              0.023165456417412748,
              0.9702152594060303,
              0.2411342145618431,
              0,
              -0.005755829285467778,
              -0.24106550948153815,
              0.9704917763585583,
              0,
              0,
              4.498448603142288,
              0,
              1
            ]
          }
        }
      }
    },
    {
      "rotation": [
        0.12145785242319107,
        -0.0014497949741780758,
        -0.011847378686070442,
        0.9925248026847839
      ],
      "translation": [
        0,
        4.498448603142288,
        0
      ],
      "scale": [
        1,
        0.9999999999999999,
        1
      ],
      "name": "mixamorigLeftToeBase",
      "extras": {
        "transformData": {
          "eulerOrder": "ZYX",
          "translation": [
            0,
            4.498448603142288,
            0
          ],
          "preRotation": [
            13.953487791795201,
            0,
            -1.3677691835225732
          ],
          "parentMatrixWorld": {
            "elements": [
              -0.018840885998153922,
