{
  "asset": {
    "version": "2.0",
    "generator": "GLTFExporter"
  },
  "scenes": [
    {
      "name": "AuxScene",
      "nodes": [
        34
      ]
    }
  ],
  "scene": 0,
  "nodes": [
    {
      "name": "unamed",
      "extras": {
        "transformData": {
          "eulerOrder": "ZYX",
          "parentMatrixWorld": {
            "elements": [
              1,
              0,
              0,
              0,
              0,
              1,
              0,
              0,
              0,
              0,
              1,
              0,
              -0.05000019073486328,
              -10.25,
              -0.15000009536743164,
              1
            ]
          }
        }
      },
      "mesh": 0,
      "skin": 0
    },
    {
      "rotation": [
        -4.2934406030425994e-17,
        -1.762680857192119e-17,
        -5.421010862427597e-20,
        1
      ],
      "translation": [
        0,
        1.3606483613732083,
        0
      ],
      "name": "mixamorigRightToe_End",
      "extras": {
        "transformData": {
          "eulerOrder": "ZYX",
          "translation": [
            0,
            1.3606483613732083,
            0
          ],
          "preRotation": [
            -4.919920522888879e-15,
            -2.019883474912212e-15,
            -6.21202086223343e-18
          ],
          "parentMatrixWorld": {
            "elements": [
              0.9857749619649816,
              -3.100978540615529e-8,
              0.16807059032528948,
              0,
              -0.11373430786660377,
              0.7362536100232888,
              0.6670795378607851,
              0,
              -0.1237425979458846,
              -0.6767056986744334,
              0.725780371026326,
              0,
              4.440892098500626e-16,
              3.12443951672602,
              3.3306690738754696e-16,
              1
            ]
          }
        }
      }
    },
    {
      "rotation": [
        0.36184975504875183,
        -0.07857842743396759,
        0.03062596544623375,
        0.9284138083457947
      ],
      "translation": [
        4.440892098500626e-16,
        3.12443951672602,
        3.3306690738754696e-16
      ],
      "name": "mixamorigRightToeBase",
      "extras": {
        "transformData": {
          "eulerOrder": "ZYX",
          "translation": [
            4.440892098500626e-16,
            3.12443951672602,
            3.3306690738754696e-16
          ],
          "preRotation": [
            42.58674572487723,
            -9.675658293926698,
            -8.444227414190973e-16
          ],
          "parentMatrixWorld": {
            "elements": [
              -0.9915448078229616,
              -0.0018145879634912099,
              0.12975241552047434,
              0,
              -0.12732742728723379,
              0.20650497148393354,
              -0.9701254857327936,
              0,
              -0.025034143150690632,
              -0.9784438865251277,
              -0.20499001398365066,
              0,
              0,
              2.12588169956183,
              0,
              1
            ]
          }
        }
      },
      "children": [
        1
      ]
    },
    {
      "rotation": [
        -0.041654035449028015,
        0.7750870585441589,
        -0.6285001635551453,
        -0.0499255396425724
      ],
      "translation": [
        0,
        2.12588169956183,
        0
      ],
      "scale": [
        1,
        1,
        0.9999999999999999
      ],
      "name": "mixamorigRightFoot",
      "extras": {
        "transformData": {
          "eulerOrder": "ZYX",
          "translation": [
            0,
            2.12588169956183,
            0
          ],
          "preRotation": [
            -108.65004866619678,
            -6.960953814266339,
            -180
          ],
          "parentMatrixWorld": {
            "elements": [
              0.9999916460490283,
              -0.00005021166221643586,
              0.004087213104915496,
              0,
              -0.0028967254239018816,
              0.6967761794153107,
              0.7172827654088055,
              0,
              -0.002883888693159978,
              -0.7172886127978568,
              0.6967702131318679,
              0,
              2.220446049250313e-16,
              3.2282082924711775,
              -4.440892098500626e-16,
              1
            ]
          }
        }
      },
      "children": [
        2
      ]
    },
    {
      "rotation": [
        0.38937297463417053,
        -0.0018921042792499065,
        0.0007726039621047676,
        0.9210779070854187
      ],
      "translation": [
        2.220446049250313e-16,
        3.2282082924711775,
        -4.440892098500626e-16
      ],
      "scale": [
        1,
        1,
        0.9999999999999999
      ],
      "name": "mixamorigRightLeg",
      "extras": {
        "transformData": {
          "eulerOrder": "ZYX",
          "translation": [
            2.220446049250313e-16,
            3.2282082924711775,
            -4.440892098500626e-16
          ],
          "preRotation": [
            43.15454897093745,
            -0.2273861779470494,
            6.212069782477918e-17
          ],
          "parentMatrixWorld": {
            "elements": [
              -0.9999794755904827,
              0.0011048284240849473,
              -0.0063113818880179565,
              0,
              0.0006434683659903044,
              -0.9627254265823988,
              -0.2704798414702282,
              0,
              -0.006374961619103044,
              -0.2704783504228224,
              0.96270495060785,
              0,
              1.7487061023712158,
              -0.6630029678344727,
              0.2192659378051749,
              1
            ]
          }
        }
      },
      "children": [
        3
      ]
    },
    {
      "rotation": [
        0.003201577113941312,
        0.13651840388774872,
        -0.9906323552131653,
        -0.00011643069592537358
      ],
      "translation": [
        1.7487061023712158,
        -0.6630029678344727,
        0.2192659378051749
      ],
      "name": "mixamorigRightUpLeg",
      "extras": {
        "transformData": {
          "eulerOrder": "ZYX",
          "translation": [
            1.7487061023712158,
            -0.6630029678344727,
            0.2192659378051749
          ],
          "preRotation": [
            -19.68050943533932,
            0.35674604691408524,
            -179.002685134314
          ],
          "parentMatrixWorld": {
            "elements": [
              -1.0000000000000506,
              0.0001984684220185203,
              0.000010049091838382746,
              0,
              0.000198468418824889,
              0.9999999803050925,
              -3.1879919355615003e-7,
              0,
              -0.000010049154912039076,
              -3.168047599132491e-7,
              -1.0000000196948569,
              0,
              0.0005814664182253182,
              7.698624134063722,
              0.19224135577678683,
              1
            ]
          }
        }
      },
      "children": [
        4
      ]
    },
    {
      "translation": [
        -4.5102810375396984e-17,
        5.079873085021974,
        -1.5023782253265376
      ],
      "name": "mixamorigHeadTop_End",
      "extras": {
        "transformData": {
          "eulerOrder": "ZYX",
          "translation": [
            -4.5102810375396984e-17,
            5.079873085021974,
            -1.5023782253265376
          ],
          "parentMatrixWorld": {
            "elements": [
              1,
              1.3501190207329858e-28,
              0,
              0,
              -1.3501190207329858e-28,
              1,
              0,
              0,
              0,
              0,
              1,
              0,
              -1.734723475976807e-17,
              1.759648323059082,
              -0.5204179286956783,
              1
            ]
          }
        }
      }
    },
    {
      "rotation": [
        0,
        0,
        6.750595103664929e-29,
        1
      ],
      "translation": [
        -1.734723475976807e-17,
        1.759648323059082,
        -0.5204179286956783
      ],
      "name": "mixamorigHead",
      "extras": {
        "transformData": {
          "eulerOrder": "ZYX",
          "translation": [
            -1.734723475976807e-17,
            1.759648323059082,
            -0.5204179286956783
          ],
          "parentMatrixWorld": {
            "elements": [
              1,
              4.605062003900048e-13,
              4.631865192545773e-14,
              0,
              -4.549077844718507e-13,
              0.9963861958429578,
              -0.08493850096222032,
              0,
              -8.526597059051885e-14,
              0.08493850096222032,
              0.9963861958429578,
              0,
              0,
              1.7818910705668713,
              6.951470288285577e-8,
              1
            ]
          }
        }
      },
      "children": [
        6
      ]
    },
    {
      "rotation": [
        -0.04250767081975937,
        -3.2925915547646e-14,
        2.2906053139329363e-13,
        0.999096155166626
      ],
      "translation": [
        0,
        1.7818910705668713,
        6.951470288285577e-8
      ],
      "scale": [
        1,
        0.9999999999999999,
        0.9999999999999999
      ],
      "name": "mixamorigNeck",
      "extras": {
        "transformData": {
          "eulerOrder": "ZYX",
          "translation": [
            0,
            1.7818910705668713,
            6.951470288285577e-8
          ],
          "preRotation": [
            -4.87248805072629,
            7.825335306361195e-16,
            9.161721288531404e-15
          ],
          "parentMatrixWorld": {
            "elements": [
              1,
              -6.313312709791807e-29,
              -1.3692158198386766e-33,
              0,
              6.313312709791807e-29,
              1,
              2.7755575615628914e-17,
              0,
              1.3692158198369243e-33,
              -2.7755575615628914e-17,
              1,
              0,
              0,
              1.5839033165462517,
              0,
              1
            ]
          }
        }
      },
      "children": [
        7
      ]
    },
    {
      "rotation": [
        -2.428612866367529e-17,
        2.7755575615628914e-17,
        1.3877787807814457e-17,
        1
      ],
      "translation": [
        -0.05929155099732952,
        0.3002903131246669,
        0.08116856489362867
      ],
      "name": "mixamorigLeftHandIndex4",
      "extras": {
        "transformData": {
          "eulerOrder": "ZYX",
          "translation": [
            -0.05929155099732952,
            0.3002903131246669,
            0.08116856489362867
          ],
          "preRotation": [
            -2.782985346280576e-15,
            3.1805546814635168e-15,
            1.5902773407317584e-15
          ],
          "parentMatrixWorld": {
            "elements": [
              0.9942929326876218,
              0.10544848952166185,
              0.01619195832228923,
              0,
              -0.1064546201876815,
              0.9906136209447103,
              0.08574419475224766,
              0,
              -0.006998378198358163,
              -0.08697855569400352,
              0.996185601775033,
              0,
              -0.16840122111246814,
              0.5229963384186206,
              0.1945450757408853,
              1
            ]
          }
        }
      }
    },
    {
      "rotation": [
        0.04328310862183571,
        -0.005811335518956184,
        0.05310143157839775,
        0.997633695602417
      ],
      "translation": [
        -0.16840122111246814,
        0.5229963384186206,
        0.1945450757408853
      ],
      "name": "mixamorigLeftHandIndex3",
      "extras": {
        "transformData": {
          "eulerOrder": "ZYX",
          "translation": [
            -0.16840122111246814,
            0.5229963384186206,
            0.1945450757408853
          ],
          "preRotation": [
            -1.5902773407317584e-15,
            -3.180554681463515e-15,
            0
          ],
          "parentMatrixWorld": {
            "elements": [
              0.9560025205932966,
              -0.2889236103750684,
              0.05081666020308292,
              0,
              0.2889236447345772,
              0.8973099986185318,
              -0.3337033195604865,
              0,
              0.050816464847997324,
              0.333703349309287,
              0.9413074780252252,
              0,
              0,
              0.45208054528543395,
              1.7763568394002505e-15,
              1
            ]
          }
        }
      },
      "children": [
        9
      ]
    },
    {
      "rotation": [
        -0.1713075041770935,
        -5.01430292842997e-8,
        -0.14831972122192383,
        0.9739892482757568
      ],
      "translation": [
        0,
        0.45208054528543395,
        1.7763568394002505e-15
      ],
      "name": "mixamorigLeftHandIndex2",
      "extras": {
        "transformData": {
          "eulerOrder": "ZYX",
          "translation": [
            0,
            0.45208054528543395,
            1.7763568394002505e-15
          ],
          "preRotation": [
            -5.963540027744091e-15,
            0,
            0
          ],
          "parentMatrixWorld": {
            "elements": [
              0.9999881138768081,
              -5.776928772679238e-7,
              0.004875664504119192,
              0,
              5.782884966079011e-7,
              0.9999999999998254,
              -1.2075189359510116e-7,
              0,
              -0.004875664504048582,
              1.2356999906828794e-7,
              0.9999881138769675,
              0,
              8.881784197001252e-16,
              1.0893051352049352,
              -1.7763568394002505e-15,
              1
            ]
          }
        }
      },
      "children": [
        10
      ]
    },
    {
      "rotation": [
        -6.108065520038508e-8,
        -0.0024378395173698664,
        -2.889962047447625e-7,
        0.9999970197677612
      ],
      "translation": [
        8.881784197001252e-16,
        1.0893051352049352,
        -1.7763568394002505e-15
      ],
      "scale": [
        1,
        0.9999999999999999,
        0.9999999999999999
      ],
      "name": "mixamorigLeftHandIndex1",
      "extras": {
        "transformData": {
          "eulerOrder": "ZYX",
          "translation": [
            8.881784197001252e-16,
            1.0893051352049352,
            -1.7763568394002505e-15
          ],
          "preRotation": [
            2.145394171751338,
            0,
            -14.836235113372243
          ],
          "parentMatrixWorld": {
            "elements": [
              0.8886420937119438,
              -7.945072558824292e-8,
              0.45860138221475194,
              0,
              -7.827863640155602e-8,
              0.9999999999999442,
              3.249279693427751e-7,
              0,
              -0.4586013822147522,
              -3.246433618320389e-7,
              0.8886420937118881,
              0,
              -2.220446049250313e-16,
              2.041279566217538,
              0,
              1
            ]
          }
        }
      },
      "children": [
        11
      ]
    },
    {
      "rotation": [
        1.6711176442640863e-7,
        -0.2359638810157776,
        -3.0153715635528044e-10,
        0.9717618227005005
      ],
      "translation": [
        -2.220446049250313e-16,
        2.041279566217538,
        0
      ],
      "scale": [
        0.9999999999999999,
        1,
        1
      ],
      "name": "mixamorigLeftHand",
      "extras": {
        "transformData": {
          "eulerOrder": "ZYX",
          "translation": [
            -2.220446049250313e-16,
            2.041279566217538,
            0
          ],
          "preRotation": [
            42.88341093467636,
            -27.296913701304497,
            3.3554234722285753e-16
          ],
          "parentMatrixWorld": {
            "elements": [
              0.9999709401849006,
              -8.017569355362658e-7,
              0.00762356768803403,
              0,
              8.015175424831535e-7,
              0.9999999999996781,
              3.4456964499815776e-8,
              0,
              -0.007623567688059204,
              -2.834553986558178e-8,
              0.9999709401852216,
              0,
              2.220446049250313e-16,
              1.6238126766888095,
              1.7763568394002505e-15,
              1
            ]
          }
        }
      },
      "children": [
        12
      ]
    },
    {
      "rotation": [
        1.5700740263469015e-8,
        -0.003811811562627554,
        -4.008215341855248e-7,
        0.9999927282333374
      ],
      "translation": [
        2.220446049250313e-16,
        1.6238126766888095,
        1.7763568394002505e-15
      ],
      "scale": [
        0.9999999999999999,
        1,
        1
      ],
      "name": "mixamorigLeftForeArm",
      "extras": {
        "transformData": {
          "eulerOrder": "ZYX",
          "translation": [
            2.220446049250313e-16,
            1.6238126766888095,
            1.7763568394002505e-15
          ],
          "preRotation": [
            -17.66489449483237,
            0,
            2.810450610187251
          ],
          "parentMatrixWorld": {
            "elements": [
              0.9998931032094678,
              0.013123280715970721,
              -0.006446832715975778,
              0,
              -0.014099129574275136,
              0.9821810747828019,
              -0.18740744381288524,
              0,
              0.0038725565284117996,
              0.18747830529019024,
              0.9822611096180942,
              0,
              0,
              2.2312863341197158,
              0,
              1
            ]
          }
        }
      },
      "children": [
        13
      ]
    },
    {
      "rotation": [
        -0.09414207190275192,
        0.002591426018625498,
        0.0068361470475792885,
        0.9955319166183472
      ],
      "translation": [
        0,
        2.2312863341197158,
        0
      ],
      "name": "mixamorigLeftArm",
      "extras": {
        "transformData": {
          "eulerOrder": "ZYX",
          "translation": [
            0,
            2.2312863341197158,
            0
          ],
          "preRotation": [
            -4.534979790257116,
            -1.5902773407317588e-15,
            -1.5708975669079708
          ],
          "parentMatrixWorld": {
            "elements": [
              0.014099887462201364,
              0.00010975782796407428,
              0.9999005467014043,
              0,
              -0.9821801242781517,
              -0.18742923411657839,
              0.01387054175136626,
              0,
              0.18741216292840335,
              -0.9822780545287273,
              -0.002534882936210181,
              0,
              -1.0951483249664309,
              1.5880556698211006,
              0.014173629738280402,
              1
            ]
          }
        }
      },
      "children": [
        14
      ]
    },
    {
      "rotation": [
        0.548649251461029,
        -0.44749462604522705,
        0.5410162806510925,
        0.45390957593917847
      ],
      "translation": [
        -1.0951483249664309,
        1.5880556698211006,
        0.014173629738280402
      ],
      "scale": [
        0.9999999999999999,
        0.9999999999999999,
        1
      ],
      "name": "mixamorigLeftShoulder",
      "extras": {
        "transformData": {
          "eulerOrder": "ZYX",
          "translation": [
            -1.0951483249664309,
            1.5880556698211006,
            0.014173629738280402
          ],
          "preRotation": [
            100.35512704928713,
            -89.26635630932232,
            -0.4238258368025095
          ],
          "parentMatrixWorld": {
            "elements": [
              1,
              -6.313312709791807e-29,
              -1.3692158198386766e-33,
              0,
              6.313312709791807e-29,
              1,
              2.7755575615628914e-17,
              0,
              1.3692158198369243e-33,
              -2.7755575615628914e-17,
              1,
              0,
              0,
              1.5839033165462517,
              0,
              1
            ]
          }
        }
      },
      "children": [
        15
      ]
    },
    {
      "rotation": [
        6.989599612584714e-36,
        -3.2233838807762406e-17,
        2.1684043449710093e-19,
        1
      ],
      "translation": [
        0.0000010638227063708428,
        0.0021645216750533214,
        -7.042334737583644e-8
      ],
      "name": "mixamorigRightHandIndex4",
      "extras": {
        "transformData": {
          "eulerOrder": "ZYX",
          "translation": [
            0.0000010638227063708428,
            0.0021645216750533214,
            -7.042334737583644e-8
          ],
          "preRotation": [
            0,
            -3.6937258423795825e-15,
            2.484808344893373e-17
          ],
          "parentMatrixWorld": {
            "elements": [
              0.9999999999999999,
              -6.579091149514936e-16,
              1.4779362622618957e-8,
              0,
              1.6408421656571642e-15,
              0.9999999999999978,
              -6.650713402223117e-8,
              0,
              -1.4779362622618881e-8,
              6.65071340222312e-8,
              0.9999999999999977,
              0,
              2.407025583295308e-7,
              0.002164520414540405,
              4.112054876603821e-7,
              1
            ]
          }
        }
      }
    },
    {
      "rotation": [
        -3.325356701111559e-8,
        -7.3896813113094595e-9,
        -5.746878201521644e-16,
        1
      ],
      "translation": [
        2.407025583295308e-7,
        0.002164520414540405,
        4.112054876603821e-7
      ],
      "name": "mixamorigRightHandIndex3",
      "extras": {
        "transformData": {
          "eulerOrder": "ZYX",
          "translation": [
            2.407025583295308e-7,
            0.002164520414540405,
            4.112054876603821e-7
          ],
          "preRotation": [
            -4.969616689786746e-17,
            -5.130740980900924e-16,
            -2.4848083448933725e-17
          ],
          "parentMatrixWorld": {
            "elements": [
              0.9999999999999836,
              1.788139064409747e-7,
              -2.9558707788779755e-8,
              0,
              -1.788139053679502e-7,
              0.9999999999999833,
              3.6301467587908584e-8,
              0,
              2.955871427998649e-8,
              -3.6301462302400004e-8,
              0.9999999999999989,
              0,
              0,
              0.0014430551999914387,
              -8.881784197001252e-16,
              1
            ]
          }
        }
      },
      "children": [
        17
      ]
    },
    {
      "rotation": [
        1.8150732472577147e-8,
        1.4779355517191561e-8,
        8.940695295223122e-8,
        1
      ],
      "translation": [
        0,
        0.0014430551999914387,
        -8.881784197001252e-16
      ],
      "name": "mixamorigRightHandIndex2",
      "extras": {
        "transformData": {
          "eulerOrder": "ZYX",
          "translation": [
            0,
            0.0014430551999914387,
            -8.881784197001252e-16
          ],
          "preRotation": [
            4.9696166897867474e-17,
            2.6672864577214796e-15,
            1.2424041724466862e-17
          ],
          "parentMatrixWorld": {
            "elements": [
              -0.3445292181916404,
              -8.378947081508209e-8,
              0.9387756423944182,
              0,
              -6.979467475259201e-7,
              0.9999999999997424,
              -1.6689136734934152e-7,
              0,
              -0.9387756423941623,
              -7.127143294885208e-7,
              -0.34452921819161014,
              0,
              -4.440892098500626e-16,
              2.2996911484568594,
              0,
              1
            ]
          }
        }
      },
      "children": [
        18
      ]
    },
    {
      "rotation": [
        -2.3835821139073232e-7,
        0.8199174404144287,
        -2.681994715203473e-7,
        -0.5724818110466003
      ],
      "translation": [
        -4.440892098500626e-16,
        2.2996911484568594,
        0
      ],
      "scale": [
        1,
        0.9999999999999999,
        0.9999999999999999
      ],
      "name": "mixamorigRightHandIndex1",
      "extras": {
        "transformData": {
          "eulerOrder": "ZYX",
          "translation": [
            -4.440892098500626e-16,
            2.2996911484568594,
            0
          ],
          "preRotation": [
            -71.33359258733007,
            -69.84693948733259,
            -179.99999999999997
          ],
          "parentMatrixWorld": {
            "elements": [
              0.924987794958443,
              5.06626196145218e-8,
              -0.3799968083791853,
              0,
              -1.2229463333492613e-7,
              0.999999999999979,
              -1.6436564713260266e-7,
              0,
              0.379996808379169,
              1.9850778894954613e-7,
              0.9249877949584298,
              0,
              -2.220446049250313e-16,
              2.0412576453047038,
              1.7763568394002505e-15,
              1
            ]
          }
        }
      },
      "children": [
        19
      ]
    },
    {
      "rotation": [
        -9.246900845027994e-8,
        0.19366492331027985,
        4.407372955483879e-8,
        0.9810677170753479
      ],
      "translation": [
        -2.220446049250313e-16,
        2.0412576453047038,
        1.7763568394002505e-15
      ],
      "name": "mixamorigRightHand",
      "extras": {
        "transformData": {
          "eulerOrder": "ZYX",
          "translation": [
            -2.220446049250313e-16,
            2.0412576453047038,
            1.7763568394002505e-15
          ],
          "preRotation": [
            46.13307959923921,
            22.333507637587793,
            -1.7729680095320168e-15
          ],
          "parentMatrixWorld": {
            "elements": [
              0.9999831079109385,
              -2.720773403035617e-7,
              -0.005812391255344203,
              0,
              2.6938087670332486e-7,
              0.9999999999998558,
              -4.6469926736018913e-7,
              0,
              0.005812391255469799,
              4.6312567053866526e-7,
              0.9999831079108674,
              0,
              0,
              1.623253230639358,
              1.7763568394002505e-15,
              1
            ]
          }
        }
      },
      "children": [
        20
      ]
    },
    {
      "rotation": [
        -2.3195721610136388e-7,
        0.002906207926571369,
        -1.353651271074341e-7,
        0.999995768070221
      ],
      "translation": [
        0,
        1.623253230639358,
        1.7763568394002505e-15
      ],
      "name": "mixamorigRightForeArm",
      "extras": {
        "transformData": {
          "eulerOrder": "ZYX",
          "translation": [
            0,
            1.623253230639358,
            1.7763568394002505e-15
          ],
          "preRotation": [
            -17.720718390032776,
            0,
            -2.1361070424996544
          ],
          "parentMatrixWorld": {
            "elements": [
              0.9998313793594843,
              -0.01787286773574747,
              0.004215855357806747,
              0,
              0.018346020488284494,
              0.9821803213522432,
              -0.18704341410222486,
              0,
              -0.0007977278614391958,
              0.1870892188921462,
              0.9823426014854333,
              0,
              0,
              2.231286334119208,
              0,
              1
            ]
          }
        }
      },
      "children": [
        21
      ]
    },
    {
      "rotation": [
        -0.0939527228474617,
        -0.001259018201380968,
        -0.009095339104533195,
        0.9955343008041382
      ],
      "translation": [
        0,
        2.231286334119208,
        0
      ],
      "name": "mixamorigRightArm",
      "extras": {
        "transformData": {
          "eulerOrder": "ZYX",
          "translation": [
            0,
            2.231286334119208,
            0
          ],
          "preRotation": [
            -4.4483986551458115,
            0,
            0.5415325596823094
          ],
          "parentMatrixWorld": {
            "elements": [
              0.018346702154628858,
              -0.00016566501648185294,
              -0.9998316646677861,
              0,
              0.9821804461587504,
              -0.1870711507393139,
              0.018053795640867065,
              0,
              -0.18704265903972758,
              -0.9823463446813178,
              -0.0032694177883900717,
              0,
              1.0951483249664304,
              1.5884534889222977,
              0.01884031785474205,
              1
            ]
          }
        }
      },
      "children": [
        22
      ]
    },
    {
      "rotation": [
        0.5497015714645386,
        0.446612685918808,
        -0.5397812128067017,
        0.4549742043018341
      ],
      "translation": [
        1.0951483249664304,
        1.5884534889222977,
        0.01884031785474205
      ],
      "scale": [
        1,
        1,
        0.9999999999999999
      ],
      "name": "mixamorigRightShoulder",
      "extras": {
        "transformData": {
          "eulerOrder": "ZYX",
          "translation": [
            1.0951483249664304,
            1.5884534889222977,
            0.01884031785474205
          ],
          "preRotation": [
            100.25845536251563,
            89.02299787304322,
            0.34791246967460576
          ],
          "parentMatrixWorld": {
            "elements": [
              1,
              -6.313312709791807e-29,
              -1.3692158198386766e-33,
              0,
              6.313312709791807e-29,
              1,
              2.7755575615628914e-17,
              0,
              1.3692158198369243e-33,
              -2.7755575615628914e-17,
              1,
              0,
              0,
              1.5839033165462517,
              0,
              1
            ]
          }
        }
      },
      "children": [
        23
      ]
    },
    {
      "rotation": [
        1.3877787807814457e-17,
        6.8460790991890024e-34,
        -3.1566563548959036e-29,
        1
      ],
      "translation": [
        0,
        1.5839033165462517,
        0
      ],
      "name": "mixamorigSpine2",
      "extras": {
        "transformData": {
          "eulerOrder": "ZYX",
          "translation": [
            0,
            1.5839033165462517,
            0
          ],
          "preRotation": [
            7.951386703658788e-16,
            7.845028771925087e-32,
            -1.3894106314277323e-30
          ],
          "parentMatrixWorld": {
            "elements": [
              1,
              1.3520698197196901e-12,
              -2.008339888317648e-13,
              0,
              -1.3520698268585393e-12,
              0.9999999999999992,
              -3.5546026566635185e-8,
              0,
              2.008339407710549e-13,
              3.5546026566635185e-8,
              0.9999999999999992,
              0,
              0,
              1.3859155214338674,
              0,
              1
            ]
          }
        }
      },
      "children": [
        8,
        16,
        24
      ]
    },
    {
      "rotation": [
        -1.7773013283317596e-8,
        1.0041698240070493e-13,
        6.760349116445574e-13,
        1
      ],
      "translation": [
        0,
        1.3859155214338674,
        0
      ],
      "scale": [
        1,
        0.9999999999999999,
        0.9999999999999999
      ],
      "name": "mixamorigSpine1",
      "extras": {
        "transformData": {
          "eulerOrder": "ZYX",
          "translation": [
            0,
            1.3859155214338674,
            0
          ],
          "preRotation": [
            -0.000002036637265741996,
            -3.706991617503063e-32,
            1.792824107500209e-17
          ],
          "parentMatrixWorld": {
            "elements": [
              0.999999980254653,
              -0.00019846840710770826,
              0.000010049189077744331,
              0,
              0.0001968976259437711,
              0.9963862009713917,
              0.08493821248010755,
              0,
              -0.000026870424609560472,
              -0.08493820882431169,
              0.9963862203753575,
              0,
              1.9081958235744878e-16,
              1.1836347579956055,
              0.10090076923370384,
              1
            ]
          }
        }
      },
      "children": [
        25
      ]
    },
    {
      "rotation": [
        0.04250752553343773,
        -0.000009238253369403537,
        -0.00009893092646962032,
        0.999096155166626
      ],
      "translation": [
        1.9081958235744878e-16,
        1.1836347579956055,
        0.10090076923370384
      ],
      "scale": [
        1,
        0.9999999999999999,
        0.9999999999999999
      ],
      "name": "mixamorigSpine",
      "extras": {
        "transformData": {
          "eulerOrder": "ZYX",
          "translation": [
            1.9081958235744878e-16,
            1.1836347579956055,
            0.10090076923370384
          ],
          "preRotation": [
            4.8724900873635555,
            0,
            -9.212943297989823e-15
          ],
          "parentMatrixWorld": {
            "elements": [
              -1.0000000000000506,
              0.0001984684220185203,
              0.000010049091838382746,
              0,
              0.000198468418824889,
              0.9999999803050925,
              -3.1879919355615003e-7,
              0,
              -0.000010049154912039076,
              -3.168047599132491e-7,
              -1.0000000196948569,
              0,
              0.0005814664182253182,
              7.698624134063722,
              0.19224135577678683,
              1
            ]
          }
        }
      },
      "children": [
        26
      ]
    },
    {
      "rotation": [
        -9.08561420542853e-17,
        -2.044112847873281e-17,
        -1.8572020728136447e-33,
        1
      ],
      "translation": [
        -4.440892098500626e-16,
        1.368187408294564,
        -5.551115123125783e-17
      ],
      "name": "mixamorigLeftToe_End",
      "extras": {
        "transformData": {
          "eulerOrder": "ZYX",
          "translation": [
            -4.440892098500626e-16,
            1.368187408294564,
            -5.551115123125783e-17
          ],
          "preRotation": [
            -1.0411346965103233e-14,
            -2.342380780632126e-15,
            0
          ],
          "parentMatrixWorld": {
            "elements": [
              0.9884276214601602,
              1.6193631546812526e-8,
              -0.1516932300563295,
              0,
              0.0972209010056717,
              0.7676204170354711,
              0.633487939803454,
              0,
              0.11644282911612958,
              -0.640904730415355,
              0.7587372215468782,
              0,
              0,
              3.298341797069422,
              2.220446049250313e-16,
              1
            ]
          }
        }
      }
    },
    {
      "rotation": [
        0.339878648519516,
        0.07151149213314056,
        -0.025928666815161705,
        0.937388002872467
      ],
      "translation": [
        0,
        3.298341797069422,
        2.220446049250313e-16
      ],
      "scale": [
        1,
        0.9999999999999999,
        1
      ],
      "name": "mixamorigLeftToeBase",
      "extras": {
        "transformData": {
          "eulerOrder": "ZYX",
          "translation": [
            0,
            3.298341797069422,
            2.220446049250313e-16
          ],
          "preRotation": [
            39.859321136638464,
            8.725062583517138,
            1.1972449392196596e-15
          ],
          "parentMatrixWorld": {
            "elements": [
              -0.9926749209858841,
              0.008869316321368004,
              -0.12048998441585201,
              0,
              0.12078320478001281,
              0.096082984486486,
              -0.9880179540254641,
              0,
              0.0028139935341497946,
              -0.9953338109707648,
              -0.09645043342438697,
              0,
              0,
              2.261048034050434,
              0,
              1
            ]
          }
        }
      },
      "children": [
        28
      ]
    },
    {
      "rotation": [
        -0.043853528797626495,
        -0.7391225099563599,
        0.6708467602729797,
        -0.041706204414367676
      ],
      "translation": [
        0,
        2.261048034050434,
        0
      ],
      "name": "mixamorigLeftFoot",
      "extras": {
        "transformData": {
          "eulerOrder": "ZYX",
          "translation": [
            0,
            2.261048034050434,
            0
          ],
          "preRotation": [
            -99.06727343387308,
            6.329552594387817,
            180
          ],
          "parentMatrixWorld": {
            "elements": [
              0.9999884981776307,
              -0.000029754871889900444,
              -0.004796105529895552,
              0,
              0.0038549331491450206,
              0.5999450308583989,
              0.8000319617237173,
              0,
              0.002853594929543915,
              -0.8000412485639297,
              0.5999382451000268,
              0,
              2.220446049250313e-16,
              3.2503556919298733,
              2.220446049250313e-16,
              1
            ]
          }
        }
      },
      "children": [
        29
      ]
    },
    {
      "rotation": [
        0.44724300503730774,
        0.0021381990518420935,
        -0.0010858250316232443,
        0.8944092988967896
      ],
      "translation": [
        2.220446049250313e-16,
        3.2503556919298733,
        2.220446049250313e-16
      ],
      "scale": [
        0.9999999999999999,
        1,
        1
      ],
      "name": "mixamorigLeftLeg",
      "extras": {
        "transformData": {
          "eulerOrder": "ZYX",
          "translation": [
            2.220446049250313e-16,
            3.2503556919298733,
            2.220446049250313e-16
          ],
          "preRotation": [
            51.15517522404704,
            0.2734008333109893,
            1.2424183170713914e-16
          ],
          "parentMatrixWorld": {
            "elements": [
              -0.9999775056416667,
              -0.0014048284833025788,
              0.006543422591280736,
              0,
              -0.0008315053046432756,
              -0.9440655144453511,
              -0.329756607650218,
              0,
              0.006640671743425617,
              -0.32975466357124344,
              0.9440433029178099,
              0,
              -1.7487061023712158,
              -0.6630029678344727,
              0.2248725891113288,
              1
            ]
          }
        }
      },
      "children": [
        30
      ]
    },
    {
