{
  "asset": {
    "version": "2.0",
    "generator": "GLTFExporter"
  },
  "scenes": [
    {
      "name": "AuxScene",
      "nodes": [
        42
      ]
    }
  ],
  "scene": 0,
  "nodes": [
    {
      "name": "unamed",
      "extras": {
        "transformData": {
          "eulerOrder": "ZYX",
          "parentMatrixWorld": {
            "elements": [
              1,
              0,
              0,
              0,
              0,
              1,
              0,
              0,
              0,
              0,
              1,
              0,
              -1.050000000745058,
              -1.100000023841858,
              1,
              1
            ]
          }
        }
      },
      "mesh": 0,
      "skin": 0
    },
    {
      "translation": [
        0,
        0.5271178483963013,
        0.08032917976379406
      ],
      "name": "mixamorigHeadTop_End",
      "extras": {
        "transformData": {
          "eulerOrder": "ZYX",
          "translation": [
            0,
            0.5271178483963013,
            0.08032917976379406
          ],
          "parentMatrixWorld": {
            "elements": [
              0.9848878020187112,
              0.13868534939540839,
              -0.10374194868213908,
              0,
              -0.1349265798429119,
              0.989946021577013,
              0.04244635234325621,
              0,
              0.10858561647468969,
              -0.027807348640728622,
              0.9936981007903363,
              0,
              0,
              0.19272494316101052,
              0.02936995029449463,
              1
            ]
          }
        }
      }
    },
    {
      "rotation": [
        0.017632921279257963,
        0.053291928957313675,
        0.06867364340598969,
        0.9960587339918823
      ],
      "translation": [
        0,
        0.19272494316101052,
        0.02936995029449463
      ],
      "name": "mixamorigHead",
      "extras": {
        "transformData": {
          "eulerOrder": "ZYX",
          "translation": [
            0,
            0.19272494316101052,
            0.02936995029449463
          ],
          "parentMatrixWorld": {
            "elements": [
              0.9979084426085718,
              -0.017838857979689007,
              -0.06213304466378245,
              0,
              0.022904850111638977,
              0.9963854231848108,
              0.08180132133749458,
              0,
              0.06044921781606815,
              -0.08305337727737012,
              0.9947100222641175,
              0,
              0,
              0.1924622218650618,
              8.753684443973953e-8,
              1
            ]
          }
        }
      },
      "children": [
        1
      ]
    },
    {
      "rotation": [
        0.04127044087371565,
        0.03068777571005065,
        -0.010199956749109375,
        0.9986245308070935
      ],
      "translation": [
        0,
        0.1924622218650618,
        8.753684443973953e-8
      ],
      "name": "mixamorigNeck",
      "extras": {
        "transformData": {
          "eulerOrder": "ZYX",
          "translation": [
            0,
            0.1924622218650618,
            8.753684443973953e-8
          ],
          "preRotation": [
            -2.3048261817671274,
            0,
            0
          ],
          "parentMatrixWorld": {
            "elements": [
              0.9995453930326161,
              -0.020871263409589103,
              -0.021757703740941218,
              0,
              0.019866369413599847,
              0.998770364266037,
              -0.04542121686423168,
              0,
              0.022678947830827707,
              0.04496832150295057,
              0.998730952509872,
              0,
              0,
              0.1710774919158624,
              0,
              1
            ]
          }
        }
      },
      "children": [
        2
      ]
    },
    {
      "rotation": [
        -2.6367796834847443e-16,
        1.3877787807814414e-17,
        1.0234868508263152e-16,
        1
      ],
      "translation": [
        0.014736123937216794,
        0.04745792862949094,
        0
      ],
      "name": "mixamorigLeftHandThumb4",
      "extras": {
        "transformData": {
          "eulerOrder": "ZYX",
          "translation": [
            0.014736123937216794,
            0.04745792862949094,
            0
          ],
          "preRotation": [
            -3.021526947390338e-14,
            1.5902773407317566e-15,
            1.1728295387896706e-14
          ],
          "parentMatrixWorld": {
            "elements": [
              0.6909603240673647,
              0.7213788849072434,
              0.046758037955683354,
              0,
              -0.7216244744179955,
              0.6921334564222836,
              -0.014469818238171533,
              0,
              -0.042801023637698096,
              -0.02374367555531484,
              0.9988014368060261,
              0,
              -0.029940989576590193,
              0.05387909019545023,
              0,
              1
            ]
          }
        }
      }
    },
    {
      "rotation": [
        0.0025214499328285456,
        -0.024350028485059738,
        0.3923352062702179,
        0.919496476650238
      ],
      "translation": [
        -0.029940989576590193,
        0.05387909019545023,
        0
      ],
      "name": "mixamorigLeftHandThumb3",
      "extras": {
        "transformData": {
          "eulerOrder": "ZYX",
          "translation": [
            -0.029940989576590193,
            0.05387909019545023,
            0
          ],
          "preRotation": [
            24.671943099963265,
            7.951386703658792e-16,
            1.5902773407317584e-15
          ],
          "parentMatrixWorld": {
            "elements": [
              0.7395943546119046,
              -0.6454085633432342,
              0.19091347316555696,
              0,
              0.6672648826162735,
              0.6659981778717531,
              -0.33347259904637605,
              0,
              0.08807805799405376,
              0.37402430970576905,
              0.9232269844090213,
              0,
              0.015204865639373288,
              0.0374248657814521,
              0,
              1
            ]
          }
        }
      },
      "children": [
        4
      ]
    },
    {
      "rotation": [
        -0.19388733347689965,
        -0.028181726574267815,
        -0.35973408648797917,
        0.912252616074632
      ],
      "translation": [
        0.015204865639373288,
        0.0374248657814521,
        0
      ],
      "scale": [
        1,
        0.9999999999999999,
        0.9999999999999999
      ],
      "name": "mixamorigLeftHandThumb2",
      "extras": {
        "transformData": {
          "eulerOrder": "ZYX",
          "translation": [
            0.015204865639373288,
            0.0374248657814521,
            0
          ],
          "preRotation": [
            2.432438858004392,
            7.951386703658794e-16,
            3.379339349054987e-15
          ],
          "parentMatrixWorld": {
            "elements": [
              0.9540875848783945,
              -0.14608331250966078,
              0.2614890938205975,
              0,
              0.1117308361917247,
              0.9835680120608791,
              0.1418103871178283,
              0,
              -0.27790843928317543,
              -0.10608313464832729,
              0.9547320398511692,
              0,
              -0.043388580051216485,
              0.025828849051952596,
              -7.767093634925004e-10,
              1
            ]
          }
        }
      },
      "children": [
        5
      ]
    },
    {
      "rotation": [
        0.06282422495810473,
        -0.13670075651886085,
        -0.06533843224300605,
        0.9864567447169746
      ],
      "translation": [
        -0.043388580051216485,
        0.025828849051952596,
        -7.767093634925004e-10
      ],
      "name": "mixamorigLeftHandThumb1",
      "extras": {
        "transformData": {
          "eulerOrder": "ZYX",
          "translation": [
            -0.043388580051216485,
            0.025828849051952596,
            -7.767093634925004e-10
          ],
          "preRotation": [
            0.00012613326471850157,
            1.9878466759146984e-15,
            81.3459158426407
          ],
          "parentMatrixWorld": {
            "elements": [
              -0.449264776496276,
              -0.0711734724883551,
              0.8905590136439936,
              0,
              -0.058313441053835034,
              0.9970320758346015,
              0.050265117739943195,
              0,
              -0.8914934450466109,
              -0.029349212645296018,
              -0.4520817627946736,
              0,
              0,
              0.2159095386887966,
              0,
              1
            ]
          }
        }
      },
      "children": [
        6
      ]
    },
    {
      "rotation": [
        -2.0990154059319356e-16,
        7.646543732324942e-33,
        -3.642919299551294e-17,
        1
      ],
      "translation": [
        0.0003430818556979798,
        0.007699254794761412,
        0
      ],
      "name": "mixamorigLeftHandIndex4",
      "extras": {
        "transformData": {
          "eulerOrder": "ZYX",
          "translation": [
            0.0003430818556979798,
            0.007699254794761412,
            0
          ],
          "preRotation": [
            -2.4052944778567835e-14,
            0,
            -4.174478019420865e-15
          ],
          "parentMatrixWorld": {
            "elements": [
              0.9985487825768561,
              -0.053418847297302445,
              0.0068378137984927805,
              0,
              0.053421916230830764,
              0.9985719942976182,
              -0.00026683040262109013,
              0,
              -0.006813795589939237,
              0.0006317322733134598,
              0.9999765862789429,
              0,
              0.0029465118322994366,
              0.031260234541671705,
              0,
              1
            ]
          }
        }
      }
    },
    {
      "rotation": [
        -0.00022472221462521702,
        -0.003414141247048974,
        -0.02671988680958748,
        0.9996371269226074
      ],
      "translation": [
        0.0029465118322994366,
        0.031260234541671705,
        0
      ],
      "name": "mixamorigLeftHandIndex3",
      "extras": {
        "transformData": {
          "eulerOrder": "ZYX",
          "translation": [
            0.0029465118322994366,
            0.031260234541671705,
            0
          ],
          "preRotation": [
            -5.967726570100898,
            -3.1805546814635168e-15,
            2.3854160110976376e-15
          ],
          "parentMatrixWorld": {
            "elements": [
              0.9646178716775102,
              -0.2635363994209599,
              0.007805551407809204,
              0,
              0.25669117353415327,
              0.9319809286937634,
              -0.25597106808644193,
              0,
              0.0601830697306379,
              0.24891788294112382,
              0.9666529286928259,
              0,
              -0.0032895936879974164,
              0.05882003060355867,
              0,
              1
            ]
          }
        }
      },
      "children": [
        8
      ]
    },
    {
      "rotation": [
        -0.1284367687725371,
        0.013324116513179916,
        -0.13233870212597706,
        0.982757811203055
      ],
      "translation": [
        -0.0032895936879974164,
        0.05882003060355867,
        0
      ],
      "scale": [
        1,
        0.9999999999999999,
        0.9999999999999999
      ],
      "name": "mixamorigLeftHandIndex2",
      "extras": {
        "transformData": {
          "eulerOrder": "ZYX",
          "translation": [
            -0.0032895936879974164,
            0.05882003060355867,
            0
          ],
          "preRotation": [
            17.65584313488738,
            0,
            1.987846675914698e-15
          ],
          "parentMatrixWorld": {
            "elements": [
              0.9911322174731889,
              -0.11448418352259267,
              0.06745590732808365,
              0,
              0.12663197085150582,
              0.9676038757806228,
              -0.21841951458027412,
              0,
              -0.04026501792565188,
              0.22502469223261815,
              0.9735207326424871,
              0,
              0,
              0.12430280464717702,
              -3.1335978256663566e-10,
              1
            ]
          }
        }
      },
      "children": [
        9
      ]
    },
    {
      "rotation": [
        -0.11181190572796698,
        -0.027161211612089294,
        -0.06079605124651464,
        0.991495950108772
      ],
      "translation": [
        0,
        0.12430280464717702,
        -3.1335978256663566e-10
      ],
      "name": "mixamorigLeftHandIndex1",
      "extras": {
        "transformData": {
          "eulerOrder": "ZYX",
          "translation": [
            0,
            0.12430280464717702,
            -3.1335978256663566e-10
          ],
          "preRotation": [
            -12.958885786414903,
            9.541664044390552e-15,
            -6.130813275213716
          ],
          "parentMatrixWorld": {
            "elements": [
              -0.449264776496276,
              -0.0711734724883551,
              0.8905590136439936,
              0,
              -0.058313441053835034,
              0.9970320758346015,
              0.050265117739943195,
              0,
              -0.8914934450466109,
              -0.029349212645296018,
              -0.4520817627946736,
              0,
              0,
              0.2159095386887966,
              0,
              1
            ]
          }
        }
      },
      "children": [
        10
      ]
    },
    {
      "rotation": [
        0.03802929944068156,
        -0.8512312575213552,
        -0.006142838655722898,
        0.523374947449547
      ],
      "translation": [
        0,
        0.2159095386887966,
        0
      ],
      "scale": [
        0.9999999999999999,
        1,
        1
      ],
      "name": "mixamorigLeftHand",
      "extras": {
        "transformData": {
          "eulerOrder": "ZYX",
          "translation": [
            0,
            0.2159095386887966,
            0
          ],
          "preRotation": [
            135.0043836788617,
            -64.20986026557838,
            -137.6915267018972
          ],
          "parentMatrixWorld": {
            "elements": [
              0.6720041275829274,
              0.654705488157223,
              -0.34607973779615675,
              0,
              -0.640773811126214,
              0.7483385189390471,
              0.17145958901269867,
              0,
              0.3712403320101832,
              0.1065372773559989,
              0.9224046977671612,
              0,
              0,
              0.286478607447748,
              -2.220446049250313e-16,
              1
            ]
          }
        }
      },
      "children": [
        7,
        11
      ]
    },
    {
      "rotation": [
        0.01775465345141235,
        0.19616937425918346,
        0.3542816856842824,
        0.9141590940421214
      ],
      "translation": [
        0,
        0.286478607447748,
        -2.220446049250313e-16
      ],
      "scale": [
        1,
        1,
        0.9999999999999999
      ],
      "name": "mixamorigLeftForeArm",
      "extras": {
        "transformData": {
          "eulerOrder": "ZYX",
          "translation": [
            0,
            0.286478607447748,
            -2.220446049250313e-16
          ],
          "preRotation": [
            1.121765687334101,
            0,
            8.245660103240182
          ],
          "parentMatrixWorld": {
            "elements": [
              0.852211056862134,
              0.20423699966313105,
              -0.48168824134762345,
              0,
              0.13697943490832273,
              0.8014502993180733,
              0.5821632513516711,
              0,
              0.5049484610295993,
              -0.5621073427564836,
              0.6550285378062379,
              0,
              0,
              0.16936753630400037,
              0,
              1
            ]
          }
        }
      },
      "children": [
        12
      ]
    },
    {
      "rotation": [
        0.31453625376807626,
        0.27120596631052446,
        0.01848770960686041,
        0.9094902260073686
      ],
      "translation": [
        0,
        0.16936753630400037,
        0
      ],
      "scale": [
        0.9999999999999999,
        0.9999999999999999,
        1
      ],
      "name": "mixamorigLeftArm",
      "extras": {
        "transformData": {
          "eulerOrder": "ZYX",
          "translation": [
            0,
            0.16936753630400037,
            0
          ],
          "preRotation": [
            -7.047759253508816,
            -3.9756933518293955e-16,
            -17.11186161745168
          ],
          "parentMatrixWorld": {
            "elements": [
              -0.3333358429194415,
              0.010967192775163614,
              0.9427443924613524,
              0,
              -0.8756452348923263,
              -0.37425066841463206,
              -0.30525712839788627,
              0,
              0.3494748795622583,
              -0.9272627526812416,
              0.1343544954977981,
              0,
              -0.08305501937866211,
              0.18266206068428148,
              -0.013043122111388694,
              1
            ]
          }
        }
      },
      "children": [
        13
      ]
    },
    {
      "rotation": [
        0.47606730879083486,
        -0.45407341890024,
        0.6785906363249996,
        0.32663743802488227
      ],
      "translation": [
        -0.08305501937866211,
        0.18266206068428148,
        -0.013043122111388694
      ],
      "name": "mixamorigLeftShoulder",
      "extras": {
        "transformData": {
          "eulerOrder": "ZYX",
          "translation": [
            -0.08305501937866211,
            0.18266206068428148,
            -0.013043122111388694
          ],
          "preRotation": [
            -83.07861648780937,
            -81.08440068538651,
            179.97223358595446
          ],
          "parentMatrixWorld": {
            "elements": [
              0.9995453930326161,
              -0.020871263409589103,
              -0.021757703740941218,
              0,
              0.019866369413599847,
              0.998770364266037,
              -0.04542121686423168,
              0,
              0.022678947830827707,
              0.04496832150295057,
              0.998730952509872,
              0,
              0,
              0.1710774919158624,
              0,
              1
            ]
          }
        }
      },
      "children": [
        14
      ]
    },
    {
      "rotation": [
        1.0755285551056192e-16,
        6.9388939039072e-18,
        -2.489328188026718e-16,
        1
      ],
      "translation": [
        -0.011258544822426053,
        0.05661824199692944,
        0
      ],
      "name": "mixamorigRightHandThumb4",
      "extras": {
        "transformData": {
          "eulerOrder": "ZYX",
          "translation": [
            -0.011258544822426053,
            0.05661824199692944,
            0
          ],
          "preRotation": [
            1.2324649390671113e-14,
            7.95138670365879e-16,
            -2.852559979937591e-14
          ],
          "parentMatrixWorld": {
            "elements": [
              0.653990440250841,
              -0.7528552374657616,
              -0.07419888533957103,
              0,
              0.754130097552602,
              0.6565579283753042,
              -0.014814246947859488,
              0,
              0.05986884941742282,
              -0.04626723860034143,
              0.9971334230325561,
              0,
              0.03637316722857831,
              0.047126514703320854,
              0,
              1
            ]
          }
        }
      }
    },
    {
      "rotation": [
        0.008647092618048191,
        0.036858055740594864,
        -0.41430214047431946,
        0.909351646900177
      ],
      "translation": [
        0.03637316722857831,
        0.047126514703320854,
        0
      ],
      "name": "mixamorigRightHandThumb3",
      "extras": {
        "transformData": {
          "eulerOrder": "ZYX",
          "translation": [
            0.03637316722857831,
            0.047126514703320854,
            0
          ],
          "preRotation": [
            17.166857408843732,
            -7.951386703658792e-16,
            -9.93923337957349e-16
          ],
          "parentMatrixWorld": {
            "elements": [
              0.4181048303199385,
              0.8779437928526929,
              -0.23324453152071298,
              0,
              -0.8916312043925502,
              0.3475228116167356,
              -0.29020966632103623,
              0,
              -0.17372999236280226,
              0.32930616706054067,
              0.9281030835231392,
              0,
              -0.025114622406152254,
              0.03550798839247826,
              2.220446049250313e-16,
              1
            ]
          }
        }
      },
      "children": [
        16
      ]
    },
    {
      "rotation": [
        -0.18873190984837707,
        0.018130759592871023,
        0.5390907719453342,
        0.8206294233435165
      ],
      "translation": [
        -0.025114622406152254,
        0.03550798839247826,
        2.220446049250313e-16
      ],
      "name": "mixamorigRightHandThumb2",
      "extras": {
        "transformData": {
          "eulerOrder": "ZYX",
          "translation": [
            -0.025114622406152254,
            0.03550798839247826,
            2.220446049250313e-16
          ],
          "preRotation": [
            -3.776075745636062,
            7.95138670365879e-16,
            1.9878466759146976e-15
          ],
          "parentMatrixWorld": {
            "elements": [
              0.9572904092027748,
              -0.07954652534110777,
              -0.277970185745074,
              0,
              0.11851822524827896,
              0.9848845495939337,
              0.1263164864682248,
              0,
              0.26372050383122025,
              -0.1538660936523557,
              0.9522482463402485,
              0,
              0.04821505755193356,
              0.02511700290283181,
              5.063163222018829e-10,
              1
            ]
          }
        }
      },
      "children": [
        17
      ]
    },
    {
      "rotation": [
        0.07098875486404985,
        0.13724603277591518,
        -0.05018288439184217,
        0.9867146587412209
      ],
      "translation": [
        0.04821505755193356,
        0.02511700290283181,
        5.063163222018829e-10
      ],
      "scale": [
        0.9999999999999999,
        1,
        1
      ],
      "name": "mixamorigRightHandThumb1",
      "extras": {
        "transformData": {
          "eulerOrder": "ZYX",
          "translation": [
            0.04821505755193356,
            0.02511700290283181,
            5.063163222018829e-10
          ],
          "preRotation": [
            -0.00004963574706149236,
            7.951386703658792e-16,
            -97.75486905167467
          ],
          "parentMatrixWorld": {
            "elements": [
              -0.38068771764398224,
              0.11062704449141711,
              -0.9180623816509117,
              0,
              -0.014284017374772811,
              0.991995951264333,
              0.12545915521320586,
              0,
              0.9245933411089912,
              0.060874377255690386,
              -0.3760604760553194,
              0,
              0,
              0.21604465819047802,
              0,
              1
            ]
          }
        }
      },
      "children": [
        18
      ]
    },
    {
      "rotation": [
        2.0816681711721673e-17,
        7.583349156024735e-34,
        3.642919299551294e-17,
        1
      ],
      "translation": [
        -0.00004205226807063589,
        0.007877704754764903,
        0
      ],
      "name": "mixamorigRightHandIndex4",
      "extras": {
        "transformData": {
          "eulerOrder": "ZYX",
          "translation": [
            -0.00004205226807063589,
            0.007877704754764903,
            0
          ],
          "preRotation": [
            2.385416011097636e-15,
            0,
            4.174478019420865e-15
          ],
          "parentMatrixWorld": {
            "elements": [
              0.999964182932403,
              0.0084598229467345,
              -0.0002534758205194936,
              0,
              -0.008459823064880717,
              0.9999642150573647,
              6.060913332938778e-7,
              0,
              0.00025347187732727345,
              0.0000015382909095699057,
              0.9999999678748208,
              0,
              -0.0005433761491213662,
              0.059119274946854095,
              -2.220446049250313e-16,
              1
            ]
          }
        }
      }
    },
    {
      "rotation": [
        -2.330519777160589e-7,
        0.0001267380575882271,
        0.0042299493215978146,
        0.9999910593032837
      ],
      "translation": [
        -0.0005433761491213662,
        0.059119274946854095,
        -2.220446049250313e-16
      ],
      "scale": [
        1,
        0.9999999999999999,
        0.9999999999999999
      ],
      "name": "mixamorigRightHandIndex3",
      "extras": {
        "transformData": {
          "eulerOrder": "ZYX",
          "translation": [
            -0.0005433761491213662,
            0.059119274946854095,
            -2.220446049250313e-16
          ],
          "preRotation": [
            -3.43096672649087,
            0,
            1.5902773407317588e-15
          ],
          "parentMatrixWorld": {
            "elements": [
              0.9654850385045897,
              0.26041034454399914,
              -0.0050092478358887416,
              0,
              -0.2566467799827712,
              0.9479011838967869,
              -0.18872142278234857,
              0,
              -0.044396739000525196,
              0.18349331744506273,
              0.9820178877471284,
              0,
              0.0005854284171924462,
              0.09224192494238181,
              0,
              1
            ]
          }
        }
      },
      "children": [
        20
      ]
    },
    {
      "rotation": [
        -0.09429470671871568,
        -0.009978196794372637,
        0.13098822976297514,
        0.9868389042710015
      ],
      "translation": [
        0.0005854284171924462,
        0.09224192494238181,
        0
      ],
      "name": "mixamorigRightHandIndex2",
      "extras": {
        "transformData": {
          "eulerOrder": "ZYX",
          "translation": [
            0.0005854284171924462,
            0.09224192494238181,
            0
          ],
          "preRotation": [
            -0.33700154037815244,
            0,
            -6.957463365701443e-16
          ],
          "parentMatrixWorld": {
            "elements": [
              0.9931578217891806,
              0.07701182929483501,
              -0.08778792487843387,
              0,
              -0.09119210844793886,
              0.9810310137410525,
              -0.17106183403062628,
              0,
              0.0729488928128297,
              0.17789696414994094,
              0.9813414954967957,
              0,
              0,
              0.06719837034789322,
              3.122504033115092e-9,
              1
            ]
          }
        }
      },
      "children": [
        21
      ]
    },
    {
      "rotation": [
        -0.08772871900257682,
        0.04040945574700386,
        0.042286699937931195,
        0.9944257768380198
      ],
      "translation": [
        0,
        0.06719837034789322,
        3.122504033115092e-9
      ],
      "scale": [
        0.9999999999999999,
        0.9999999999999999,
        1
      ],
      "name": "mixamorigRightHandIndex1",
      "extras": {
        "transformData": {
          "eulerOrder": "ZYX",
          "translation": [
            0,
            0.06719837034789322,
            3.122504033115092e-9
          ],
          "preRotation": [
            -6.403991626344995,
            0,
            -10.699393601035018
          ],
          "parentMatrixWorld": {
            "elements": [
              -0.38068771764398224,
              0.11062704449141711,
              -0.9180623816509117,
              0,
              -0.014284017374772811,
              0.991995951264333,
              0.12545915521320586,
              0,
              0.9245933411089912,
              0.060874377255690386,
              -0.3760604760553194,
              0,
              0,
              0.21604465819047802,
              0,
              1
            ]
          }
        }
      },
      "children": [
        22
      ]
    },
    {
      "rotation": [
        0.02905515077832134,
        0.8289668486983715,
        0.056194506680657307,
        0.5557085080221263
      ],
      "translation": [
        0,
        0.21604465819047802,
        0
      ],
      "scale": [
        1,
        0.9999999999999999,
        0.9999999999999999
      ],
      "name": "mixamorigRightHand",
      "extras": {
        "transformData": {
          "eulerOrder": "ZYX",
          "translation": [
            0,
            0.21604465819047802,
            0
          ],
          "preRotation": [
            117.00777454020233,
            56.21731005269019,
            113.13922159823
          ],
          "parentMatrixWorld": {
            "elements": [
              0.6469441493518252,
              -0.4327820827705221,
              0.6278239846515402,
              0,
              0.39947455179717395,
              0.8936676019749871,
              0.2043974203477937,
              0,
              -0.6495254955252916,
              0.11856598083427922,
              0.7510384493665053,
              0,
              0,
              0.28372036840570236,
              0,
              1
            ]
          }
        }
      },
      "children": [
        19,
        23
      ]
    },
    {
      "rotation": [
        0.023654270282196563,
        -0.35202450314454553,
        -0.22936144948513731,
        0.9071452901478401
      ],
      "translation": [
        0,
        0.28372036840570236,
        0
      ],
      "scale": [
        0.9999999999999999,
        0.9999999999999999,
        1
      ],
      "name": "mixamorigRightForeArm",
      "extras": {
        "transformData": {
          "eulerOrder": "ZYX",
          "translation": [
            0,
            0.28372036840570236,
            0
          ],
          "preRotation": [
            0.9327256812771121,
            0,
            3.4613164436797526
          ],
          "parentMatrixWorld": {
            "elements": [
              0.9838602767340607,
              -0.17281334760464143,
              -0.04641661602908394,
              0,
              0.14936080552226738,
              0.6502715471268453,
              0.744874656369245,
              0,
              -0.09854088048953823,
              -0.7397854086268117,
              0.6655878856095652,
              0,
              0,
              0.16723866268657772,
              0,
              1
            ]
          }
        }
      },
      "children": [
        24
      ]
    },
    {
      "rotation": [
        0.40865659299638435,
        -0.014347341070905913,
        -0.08867928414891907,
        0.9082565229830959
      ],
      "translation": [
        0,
        0.16723866268657772,
        0
      ],
      "scale": [
        1,
        0.9999999999999999,
        1
      ],
      "name": "mixamorigRightArm",
      "extras": {
        "transformData": {
          "eulerOrder": "ZYX",
          "translation": [
            0,
            0.16723866268657772,
            0
          ],
          "preRotation": [
            -6.653779890979013,
            0,
            -2.4012367503401992
          ],
          "parentMatrixWorld": {
            "elements": [
              -0.15754023386386606,
              -0.05435440101233896,
              -0.9860155623302658,
              0,
              0.9290274656726616,
              -0.3466744489321907,
              -0.12932444604440496,
              0,
              -0.33479704014926975,
              -0.9364093353920873,
              0.10511189450759129,
              0,
              0.08305501937866211,
              0.18324479743261524,
              0.0014353426569946315,
              1
            ]
          }
        }
      },
      "children": [
        25
      ]
    },
    {
      "rotation": [
        0.5205819629416518,
        0.4200457982244567,
        -0.6342961802863959,
        0.387587808837579
      ],
      "translation": [
        0.08305501937866211,
        0.18324479743261524,
        0.0014353426569946315
      ],
      "name": "mixamorigRightShoulder",
      "extras": {
        "transformData": {
          "eulerOrder": "ZYX",
          "translation": [
            0.08305501937866211,
            0.18324479743261524,
            0.0014353426569946315
          ],
          "preRotation": [
            96.33090419198652,
            89.00032365468537,
            -0.24916395923196044
          ],
          "parentMatrixWorld": {
            "elements": [
              0.9995453930326161,
              -0.020871263409589103,
              -0.021757703740941218,
              0,
              0.019866369413599847,
              0.998770364266037,
              -0.04542121686423168,
              0,
              0.022678947830827707,
              0.04496832150295057,
              0.998730952509872,
              0,
              0,
              0.1710774919158624,
              0,
              1
            ]
          }
        }
      },
      "children": [
        26
      ]
    },
    {
      "rotation": [
        -0.022605730781746255,
        0.011113265986524635,
        -0.010188169747540075,
        0.9996307931811064
      ],
      "translation": [
        0,
        0.1710774919158624,
        0
      ],
      "name": "mixamorigSpine2",
      "extras": {
        "transformData": {
          "eulerOrder": "ZYX",
          "translation": [
            0,
            0.1710774919158624,
            0
          ],
          "preRotation": [
            -3.975693351829395e-16,
            0,
            0
          ],
          "parentMatrixWorld": {
            "elements": [
              0.9995339689288778,
              -0.02080919357451704,
              -0.022334333317770544,
              0,
              0.019781084316315062,
              0.998777280367171,
              -0.04530621359589212,
              0,
              0.023249810434535396,
              0.04484330217439438,
              0.9987234475231238,
              0,
              0,
              0.14969287999397451,
              0,
              1
            ]
          }
        }
      },
      "children": [
        3,
        15,
        27
      ]
    },
    {
      "rotation": [
        -0.022545737061488116,
        0.011400262224717437,
        -0.010151332758251672,
        0.9996292816289972
      ],
      "translation": [
        0,
        0.14969287999397451,
        0
      ],
      "name": "mixamorigSpine1",
      "extras": {
        "transformData": {
          "eulerOrder": "ZYX",
          "translation": [
            0,
            0.14969287999397451,
            0
          ],
          "preRotation": [
            -0.000010250917131207105,
            0,
            0
          ],
          "parentMatrixWorld": {
            "elements": [
              0.9995288193455576,
              0.02697364066286981,
              -0.014647935037318238,
              0,
              -0.026744976595063915,
              0.9995207386384074,
              0.015588433287119483,
              0,
              0.015061391648735595,
              -0.015189329636553013,
              0.9997711931956135,
              0,
              0,
              0.128204345703125,
              0.005160093307495117,
              1
            ]
          }
        }
      },
      "children": [
        28
      ]
    },
    {
      "rotation": [
        0.00769557521464079,
        0.007428426772142451,
        0.013431634409561634,
        0.9998525797369237
      ],
      "translation": [
        0,
        0.128204345703125,
        0.005160093307495117
      ],
      "name": "mixamorigSpine",
      "extras": {
        "transformData": {
          "eulerOrder": "ZYX",
          "translation": [
            0,
            0.128204345703125,
            0.005160093307495117
          ],
          "preRotation": [
            2.3048364326842594,
            0,
            0
          ],
          "parentMatrixWorld": {
            "elements": [
              -0.9855113483237479,
              -0.1300364375092154,
              -0.10889330634025257,
              0,
              -0.11075886974209838,
              0.9796385835315256,
              -0.1674536259370365,
              0,
              0.12845115810787017,
              -0.15296656165946848,
              -0.9798476291535774,
              0,
              -0.060816381877722425,
              0.7872794289982628,
              0.01851980281804652,
              1
            ]
          }
        }
      },
      "children": [
        29
      ]
    },
    {
      "rotation": [
        -3.903127820947816e-17,
        -1.9515639104739072e-18,
        -7.61720339332842e-35,
        1
      ],
      "translation": [
        0,
        0.15662099189383638,
        6.938893903907228e-18
      ],
      "name": "mixamorigLeftToe_End",
      "extras": {
        "transformData": {
          "eulerOrder": "ZYX",
          "translation": [
            0,
            0.15662099189383638,
            6.938893903907228e-18
          ],
          "preRotation": [
            -4.47265502080807e-15,
            -2.2363275104040345e-16,
            0
          ],
          "parentMatrixWorld": {
            "elements": [
              0.9535240254539743,
              -1.5698845334810585e-8,
              0.30131700369132175,
              0,
              -0.18532764514823752,
              0.7884812815109128,
              0.5864733157512518,
              0,
              -0.23758282904563033,
              -0.6150587664154201,
              0.7518358422267504,
              0,
              -1.6653345369377348e-16,
              0.32539989738311026,
              0,
              1
            ]
          }
        }
      }
    },
    {
      "rotation": [
        0.3214058578014374,
        -0.1441539227962494,
        0.04957452788949013,
        0.9345909953117371
      ],
      "translation": [
        -1.6653345369377348e-16,
        0.32539989738311026,
        0
      ],
      "name": "mixamorigLeftToeBase",
      "extras": {
        "transformData": {
          "eulerOrder": "ZYX",
          "translation": [
            -1.6653345369377348e-16,
            0.32539989738311026,
            0
          ],
          "preRotation": [
            37.95618895757888,
            -17.536725277880326,
            0
          ],
          "parentMatrixWorld": {
            "elements": [
