{
  "asset": {
    "version": "2.0",
    "generator": "GLTFExporter"
  },
  "scenes": [
    {
      "name": "AuxScene",
      "nodes": [
        42
      ]
    }
  ],
  "scene": 0,
  "nodes": [
    {
      "name": "unamed",
      "extras": {
        "transformData": {
          "eulerOrder": "ZYX",
          "parentMatrixWorld": {
            "elements": [
              1,
              0,
              0,
              0,
              0,
              1,
              0,
              0,
              0,
              0,
              1,
              0,
              -1.050000000745058,
              -1.100000023841858,
              1.0999999940395355,
              1
            ]
          }
        }
      },
      "mesh": 0,
      "skin": 0
    },
    {
      "translation": [
        0,
        0.5271177291870117,
        -0.11094141006469715
      ],
      "name": "mixamorigHeadTop_End",
      "extras": {
        "transformData": {
          "eulerOrder": "ZYX",
          "translation": [
            0,
            0.5271177291870117,
            -0.11094141006469715
          ],
          "parentMatrixWorld": {
            "elements": [
              0.9969938026819203,
              0.0036763010117590745,
              -0.0773940725949086,
              0,
              0.0009953467774282173,
              0.9981836136660824,
              0.0602368893886939,
              0,
              0.07747494399318858,
              -0.06013283935840731,
              0.9951792175692891,
              0,
              0,
              0.203033447265625,
              -0.042732059955596924,
              1
            ]
          }
        }
      }
    },
    {
      "rotation": [
        0.030128771326378274,
        0.03876400848362161,
        0.0006710479279416436,
        0.9987938725011611
      ],
      "translation": [
        0,
        0.203033447265625,
        -0.042732059955596924
      ],
      "name": "mixamorigHead",
      "extras": {
        "transformData": {
          "eulerOrder": "ZYX",
          "translation": [
            0,
            0.203033447265625,
            -0.042732059955596924
          ],
          "parentMatrixWorld": {
            "elements": [
              0.999819489519716,
              0.005622628571271975,
              -0.018148675286764563,
              0,
              -0.006459640386919572,
              0.9989022600053652,
              -0.04639555951305298,
              0,
              0.01786788775391709,
              0.046504418547134635,
              0.9987582678382477,
              0,
              0,
              0.1881385029485556,
              -1.1843784086806863e-7,
              1
            ]
          }
        }
      },
      "children": [
        1
      ]
    },
    {
      "rotation": [
        -0.023232314112583596,
        0.00900697850837679,
        0.0030215192025940646,
        0.9996849389388753
      ],
      "translation": [
        0,
        0.1881385029485556,
        -1.1843784086806863e-7
      ],
      "name": "mixamorigNeck",
      "extras": {
        "transformData": {
          "eulerOrder": "ZYX",
          "translation": [
            0,
            0.1881385029485556,
            -1.1843784086806863e-7
          ],
          "preRotation": [
            -6.521846878408181,
            0,
            0
          ],
          "parentMatrixWorld": {
            "elements": [
              0.9999288489879844,
              -0.011648396541795223,
              0.0025713458967529367,
              0,
              0.011643222807571295,
              0.9999301791724842,
              0.0020179551246171236,
              0,
              -0.002594672304724953,
              -0.0019878727919084706,
              0.9999946580044343,
              0,
              0,
              0.16723422929405996,
              0,
              1
            ]
          }
        }
      },
      "children": [
        2
      ]
    },
    {
      "rotation": [
        1.9081958235744868e-16,
        2.7755575615628914e-17,
        -3.4694469519536196e-18,
        1
      ],
      "translation": [
        0.004568657436286316,
        0.06345583955020295,
        0
      ],
      "name": "mixamorigLeftHandThumb4",
      "extras": {
        "transformData": {
          "eulerOrder": "ZYX",
          "translation": [
            0.004568657436286316,
            0.06345583955020295,
            0
          ],
          "preRotation": [
            2.1866313435061665e-14,
            3.1805546814635168e-15,
            -3.975693351829396e-16
          ],
          "parentMatrixWorld": {
            "elements": [
              0.7806689040055357,
              0.6249381553225869,
              0.0028962429185055427,
              0,
              -0.6201395866384534,
              0.7752315244793369,
              -0.1201790373219671,
              0,
              -0.07734972065191224,
              0.09202396399715072,
              0.9927480100987196,
              0,
              -0.04465616155628244,
              0.062235046914675074,
              2.220446049250313e-16,
              1
            ]
          }
        }
      }
    },
    {
      "rotation": [
        -0.05632355064153671,
        -0.021299121901392937,
        0.3304722309112549,
        0.9418928623199463
      ],
      "translation": [
        -0.04465616155628244,
        0.062235046914675074,
        2.220446049250313e-16
      ],
      "scale": [
        1,
        0.9999999999999999,
        0.9999999999999999
      ],
      "name": "mixamorigLeftHandThumb3",
      "extras": {
        "transformData": {
          "eulerOrder": "ZYX",
          "translation": [
            -0.04465616155628244,
            0.062235046914675074,
            2.220446049250313e-16
          ],
          "preRotation": [
            7.5498643330483,
            0,
            -1.5902773407317584e-15
          ],
          "parentMatrixWorld": {
            "elements": [
              0.017366599071507505,
              -0.9798314067653253,
              0.19906983382819732,
              0,
              0.9625984321313892,
              -0.0374549017565915,
              -0.2683307120737908,
              0,
              0.270375004174376,
              0.19628430120648943,
              0.9425337284332875,
              0,
              0.04008750411999629,
              0.03797916652372635,
              0,
              1
            ]
          }
        }
      },
      "children": [
        4
      ]
    },
    {
      "rotation": [
        -0.1675468385219574,
        0.025713667273521423,
        -0.7004680633544922,
        0.6932613849639893
      ],
      "translation": [
        0.04008750411999629,
        0.03797916652372635,
        0
      ],
      "name": "mixamorigLeftHandThumb2",
      "extras": {
        "transformData": {
          "eulerOrder": "ZYX",
          "translation": [
            0.04008750411999629,
            0.03797916652372635,
            0
          ],
          "preRotation": [
            -12.11889892611898,
            3.1805546814635176e-15,
            1.4908850069360237e-16
          ],
          "parentMatrixWorld": {
            "elements": [
              0.8351438083613919,
              0.5489793285416997,
              0.0340073400024572,
              0,
              -0.5455214194958468,
              0.8188094555742269,
              0.17876643318040816,
              0,
              0.07029355028289962,
              -0.16784741164138792,
              0.9833036466273334,
              0,
              -0.03277943121856408,
              0.060747267412638584,
              -3.8744880637153756e-9,
              1
            ]
          }
        }
      },
      "children": [
        5
      ]
    },
    {
      "rotation": [
        0.09087175875902176,
        0.009513156488537788,
        0.28694528341293335,
        0.9535796642303467
      ],
      "translation": [
        -0.03277943121856408,
        0.060747267412638584,
        -3.8744880637153756e-9
      ],
      "scale": [
        1,
        0.9999999999999999,
        0.9999999999999999
      ],
      "name": "mixamorigLeftHandThumb1",
      "extras": {
        "transformData": {
          "eulerOrder": "ZYX",
          "translation": [
            -0.03277943121856408,
            0.060747267412638584,
            -3.8744880637153756e-9
          ],
          "preRotation": [
            -0.00005215459828149317,
            -6.361109362927035e-15,
            74.89857883906295
          ],
          "parentMatrixWorld": {
            "elements": [
              -0.4411295792535197,
              0.039599873326318764,
              0.8965693456386052,
              0,
              0.034727407716651525,
              0.9990309840653162,
              -0.027038862078568895,
              0,
              -0.8967712911660246,
              0.01920788748826707,
              -0.44207731860884203,
              0,
              0,
              0.20132625292717285,
              0,
              1
            ]
          }
        }
      },
      "children": [
        6
      ]
    },
    {
      "rotation": [
        5.551115123125783e-17,
        -1.3877787807814463e-17,
        -2.4286128663675312e-17,
        1
      ],
      "translation": [
        0.001547525680416273,
        0.020565067760000888,
        0
      ],
      "name": "mixamorigLeftHandIndex4",
      "extras": {
        "transformData": {
          "eulerOrder": "ZYX",
          "translation": [
            0.001547525680416273,
            0.020565067760000888,
            0
          ],
          "preRotation": [
            6.3611093629270335e-15,
            -1.5902773407317592e-15,
            -2.7829853462805787e-15
          ],
          "parentMatrixWorld": {
            "elements": [
              0.9939305563133611,
              -0.10995187749361209,
              -0.0035544151708201133,
              0,
              0.1098409971209962,
              0.9936783102939516,
              -0.02320282327634738,
              0,
              0.006083139242376412,
              0.022671574540772947,
              0.999724459601257,
              0,
              0.00412664330686674,
              0.052905325021134875,
              0,
              1
            ]
          }
        }
      }
    },
    {
      "rotation": [
        -0.011486801318824291,
        0.0024132125545293093,
        -0.05503542721271515,
        0.9984154105186462
      ],
      "translation": [
        0.00412664330686674,
        0.052905325021134875,
        0
      ],
      "name": "mixamorigLeftHandIndex3",
      "extras": {
        "transformData": {
          "eulerOrder": "ZYX",
          "translation": [
            0.00412664330686674,
            0.052905325021134875,
            0
          ],
          "preRotation": [
            2.365915673917167,
            2.385416011097638e-15,
            -4.373262687012336e-15
          ],
          "parentMatrixWorld": {
            "elements": [
              0.9990655986191563,
              -0.04298913430022871,
              0.004456901409327599,
              0,
              0.04314973646864435,
              0.9979930595977984,
              -0.04634601600260772,
              0,
              -0.002455581548658256,
              0.0464950243439481,
              0.9989155033384859,
              0,
              -0.0056741689872830126,
              0.06280673258130609,
              0,
              1
            ]
          }
        }
      },
      "children": [
        8
      ]
    },
    {
      "rotation": [
        -0.023221949115395546,
        -0.0017289910465478897,
        -0.021545562893152237,
        0.9994966387748718
      ],
      "translation": [
        -0.0056741689872830126,
        0.06280673258130609,
        0
      ],
      "name": "mixamorigLeftHandIndex2",
      "extras": {
        "transformData": {
          "eulerOrder": "ZYX",
          "translation": [
            -0.0056741689872830126,
            0.06280673258130609,
            0
          ],
          "preRotation": [
            26.98764125657287,
            0,
            3.379339349054987e-15
          ],
          "parentMatrixWorld": {
            "elements": [
              0.9139126878589553,
              -0.40566445161842335,
              0.014140321358053792,
              0,
              0.40560160352408736,
              0.9113026940566404,
              -0.0708148004173838,
              0,
              0.015840934747485904,
              0.070453881600582,
              0.9973892496229853,
              0,
              -2.220446049250313e-16,
              0.1445539639636954,
              -4.421662591624909e-9,
              1
            ]
          }
        }
      },
      "children": [
        9
      ]
    },
    {
      "rotation": [
        -0.03612735867500305,
        0.0004349065129645169,
        -0.20746919512748718,
        0.9775741100311279
      ],
      "translation": [
        -2.220446049250313e-16,
        0.1445539639636954,
        -4.421662591624909e-9
      ],
      "scale": [
        1,
        0.9999999999999998,
        0.9999999999999999
      ],
      "name": "mixamorigLeftHandIndex1",
      "extras": {
        "transformData": {
          "eulerOrder": "ZYX",
          "translation": [
            -2.220446049250313e-16,
            0.1445539639636954,
            -4.421662591624909e-9
          ],
          "preRotation": [
            -0.8625656114092696,
            -7.951386703658792e-16,
            -26.609993255912308
          ],
          "parentMatrixWorld": {
            "elements": [
              -0.4411295792535197,
              0.039599873326318764,
              0.8965693456386052,
              0,
              0.034727407716651525,
              0.9990309840653162,
              -0.027038862078568895,
              0,
              -0.8967712911660246,
              0.01920788748826707,
              -0.44207731860884203,
              0,
              0,
              0.20132625292717285,
              0,
              1
            ]
          }
        }
      },
      "children": [
        10
      ]
    },
    {
      "rotation": [
        -0.02189038196335347,
        -0.8488577445496504,
        0.002306327132132263,
        0.5281628895769991
      ],
      "translation": [
        0,
        0.20132625292717285,
        0
      ],
      "name": "mixamorigLeftHand",
      "extras": {
        "transformData": {
          "eulerOrder": "ZYX",
          "translation": [
            0,
            0.20132625292717285,
            0
          ],
          "preRotation": [
            93.45569756175055,
            -77.5152980418635,
            -77.64978142661265
          ],
          "parentMatrixWorld": {
            "elements": [
              0.9240259688421261,
              0.3821399101897797,
              0.012045907977710364,
              0,
              -0.382289695773551,
              0.9230146692645989,
              0.04357195038630407,
              0,
              0.005532030750654882,
              -0.04486664011543341,
              0.9989776680790406,
              0,
              0,
              0.17099185430284625,
              -2.220446049250313e-16,
              1
            ]
          }
        }
      },
      "children": [
        7,
        11
      ]
    },
    {
      "rotation": [
        0.022547901778692925,
        -0.0016607485836313287,
        0.19489550403505684,
        0.9805634174940088
      ],
      "translation": [
        0,
        0.17099185430284625,
        -2.220446049250313e-16
      ],
      "scale": [
        0.9999999999999999,
        0.9999999999999998,
        0.9999999999999999
      ],
      "name": "mixamorigLeftForeArm",
      "extras": {
        "transformData": {
          "eulerOrder": "ZYX",
          "translation": [
            0,
            0.17099185430284625,
            -2.220446049250313e-16
          ],
          "preRotation": [
            -9.047458519615873,
            7.951386703658794e-16,
            2.452462002114865
          ],
          "parentMatrixWorld": {
            "elements": [
              0.35865519227475273,
              0.8414995519500041,
              -0.40403581086646145,
              0,
              -0.21291112350166913,
              0.4951674160112953,
              0.842305210329171,
              0,
              0.9088648336710106,
              -0.2160734086516764,
              0.35675898793015115,
              0,
              0,
              0.23682322082516527,
              2.220446049250313e-16,
              1
            ]
          }
        }
      },
      "children": [
        12
      ]
    },
    {
      "rotation": [
        0.355924426084143,
        0.44151818643358043,
        0.35459003780566895,
        0.7434012260868543
      ],
      "translation": [
        0,
        0.23682322082516527,
        2.220446049250313e-16
      ],
      "name": "mixamorigLeftArm",
      "extras": {
        "transformData": {
          "eulerOrder": "ZYX",
          "translation": [
            0,
            0.23682322082516527,
            2.220446049250313e-16
          ],
          "preRotation": [
            -3.6359227970151733,
            0,
            -0.4301806249489793
          ],
          "parentMatrixWorld": {
            "elements": [
              0.19909409928261354,
              -0.031670856286298,
              0.979468491671663,
              0,
              -0.9646955825512558,
              -0.18217058443855372,
              0.19020082804014599,
              0,
              0.17240650313014222,
              -0.9827567750176829,
              -0.06682184055953333,
              0,
              -0.11730927228927612,
              0.17160972778034878,
              0.0015226256574030206,
              1
            ]
          }
        }
      },
      "children": [
        13
      ]
    },
    {
      "rotation": [
        0.6016823340186873,
        -0.41399189510133105,
        0.4786059560317879,
        0.4873658144587467
      ],
      "translation": [
        -0.11730927228927612,
        0.17160972778034878,
        0.0015226256574030206
      ],
      "scale": [
        0.9999999999999999,
        1,
        1
      ],
      "name": "mixamorigLeftShoulder",
      "extras": {
        "transformData": {
          "eulerOrder": "ZYX",
          "translation": [
            -0.11730927228927612,
            0.17160972778034878,
            0.0015226256574030206
          ],
          "preRotation": [
            97.92042099502063,
            -89.25406480480386,
            0.12077110206314927
          ],
          "parentMatrixWorld": {
            "elements": [
              0.9999288489879844,
              -0.011648396541795223,
              0.0025713458967529367,
              0,
              0.011643222807571295,
              0.9999301791724842,
              0.0020179551246171236,
              0,
              -0.002594672304724953,
              -0.0019878727919084706,
              0.9999946580044343,
              0,
              0,
              0.16723422929405996,
              0,
              1
            ]
          }
        }
      },
      "children": [
        14
      ]
    },
    {
      "rotation": [
        -2.7755575615628914e-17,
        2.0816681711721673e-17,
        -1.0408340855860836e-17,
        1
      ],
      "translation": [
        0.01657033308116551,
        0.041965144681841426,
        2.220446049250313e-16
      ],
      "name": "mixamorigRightHandThumb4",
      "extras": {
        "transformData": {
          "eulerOrder": "ZYX",
          "translation": [
            0.01657033308116551,
            0.041965144681841426,
            2.220446049250313e-16
          ],
          "preRotation": [
            -3.1805546814635168e-15,
            2.385416011097636e-15,
            -1.192708005548818e-15
          ],
          "parentMatrixWorld": {
            "elements": [
              0.9008134986973086,
              0.42522171369258627,
              0.08787226678723888,
              0,
              -0.4253673996254354,
              0.9048417491549404,
              -0.01799957785722985,
              0,
              -0.08716430692595815,
              -0.021163734818871755,
              0.9959691159604325,
              0,
              -0.0019199356866099748,
              0.08025997647644645,
              0,
              1
            ]
          }
        }
      }
    },
    {
      "rotation": [
        0.0008114157281896264,
        -0.04488634117746542,
        0.2181248886006497,
        0.9748877337827647
      ],
      "translation": [
        -0.0019199356866099748,
        0.08025997647644645,
        0
      ],
      "name": "mixamorigRightHandThumb3",
      "extras": {
        "transformData": {
          "eulerOrder": "ZYX",
          "translation": [
            -0.0019199356866099748,
            0.08025997647644645,
            0
          ],
          "preRotation": [
            -14.252957117263037,
            7.951386703658792e-16,
            1.7890620083232284e-15
          ],
          "parentMatrixWorld": {
            "elements": [
              0.9738505560461408,
              0.21792282199849253,
              0.06422411012416998,
              0,
              -0.2269855691428452,
              0.9452664102386119,
              0.2344119477904252,
              0,
              -0.00962517895557289,
              -0.24286015218272375,
              0.9700135567739596,
              0,
              -0.01465039739455598,
              0.06070491073252682,
              0,
              1
            ]
          }
        }
      },
      "children": [
        16
      ]
    },
    {
      "rotation": [
        0.12100680666141181,
        -0.018723630914645763,
        0.11280136356579082,
        0.9860439117871284
      ],
      "translation": [
        -0.01465039739455598,
        0.06070491073252682,
        0
      ],
      "name": "mixamorigRightHandThumb2",
      "extras": {
        "transformData": {
          "eulerOrder": "ZYX",
          "translation": [
            -0.01465039739455598,
            0.06070491073252682,
            0
          ],
          "preRotation": [
            -7.066829567909802,
            0,
            -1.987846675914698e-16
          ],
          "parentMatrixWorld": {
            "elements": [
              0.7399000490848253,
              -0.66283617392609,
              -0.11487434506923272,
              0,
              0.6519409387222066,
              0.7486280001219467,
              -0.12053680517018106,
              0,
              0.16589430682838668,
              0.014293897916538935,
              0.986039939847754,
              0,
              0.03080755931859891,
              0.07172310101376977,
              -6.881139158476657e-9,
              1
            ]
          }
        }
      },
      "children": [
        17
      ]
    },
    {
      "rotation": [
        -0.03616665976809496,
        0.07531270010656826,
        -0.35267261399241856,
        0.9320096461165541
      ],
      "translation": [
        0.03080755931859891,
        0.07172310101376977,
        -6.881139158476657e-9
      ],
      "name": "mixamorigRightHandThumb1",
      "extras": {
        "transformData": {
          "eulerOrder": "ZYX",
          "translation": [
            0.03080755931859891,
            0.07172310101376977,
            -6.881139158476657e-9
          ],
          "preRotation": [
            -0.000044313592080311944,
            1.5902773407317588e-15,
            -36.813304244881024
          ],
          "parentMatrixWorld": {
            "elements": [
              0.32174283499907264,
              -0.11275498761240194,
              0.9400892719202508,
              0,
              -0.22549764451880183,
              0.9551888986550028,
              0.19174195880922698,
              0,
              -0.9195826981449207,
              -0.2736795191826642,
              0.28189920017808073,
              0,
              0,
              0.20135105134924203,
              0,
              1
            ]
          }
        }
      },
      "children": [
        18
      ]
    },
    {
      "rotation": [
        2.77555756156289e-17,
        2.77555756156289e-17,
        -1.387778780781445e-17,
        1
      ],
      "translation": [
        0.004270420150023213,
        0.022395480390252187,
        -1.1102230246251565e-16
      ],
      "name": "mixamorigRightHandIndex4",
      "extras": {
        "transformData": {
          "eulerOrder": "ZYX",
          "translation": [
            0.004270420150023213,
            0.022395480390252187,
            -1.1102230246251565e-16
          ],
          "preRotation": [
            3.180554681463515e-15,
            3.180554681463515e-15,
            -1.5902773407317576e-15
          ],
          "parentMatrixWorld": {
            "elements": [
              0.9883588581786741,
              0.1521301441762562,
              0.0017850399125870758,
              0,
              -0.15198785113001512,
              0.9867728274559231,
              0.05638332851164007,
              0,
              0.006816175134075767,
              -0.055998266563195155,
              0.9984075990566071,
              0,
              -0.0033446060243846887,
              0.04482110158070407,
              0,
              1
            ]
          }
        }
      }
    },
    {
      "rotation": [
        0.028188790618541366,
        0.0012619648016000665,
        0.076282228307139,
        0.996686915338215
      ],
      "translation": [
        -0.0033446060243846887,
        0.04482110158070407,
        0
      ],
      "name": "mixamorigRightHandIndex3",
      "extras": {
        "transformData": {
          "eulerOrder": "ZYX",
          "translation": [
            -0.0033446060243846887,
            0.04482110158070407,
            0
          ],
          "preRotation": [
            5.6748358195684325,
            3.1805546814635168e-15,
            -3.975693351829396e-16
          ],
          "parentMatrixWorld": {
            "elements": [
              0.9611088856563307,
              -0.27483598530855136,
              -0.02710883159751911,
              0,
              0.2761462022034258,
              0.9551052622594011,
              0.10731826643331065,
              0,
              -0.003603134708778327,
              -0.11063054045381908,
              0.9938550702035113,
              0,
              -0.0009258141256385244,
              0.05897128874573565,
              0,
              1
            ]
          }
        }
      },
      "children": [
        20
      ]
    },
    {
      "rotation": [
        0.05511023769096434,
        0.005943618417242006,
        -0.1393206035442887,
        0.9886947326796949
      ],
      "translation": [
        -0.0009258141256385244,
        0.05897128874573565,
        0
      ],
      "name": "mixamorigRightHandIndex2",
      "extras": {
        "transformData": {
          "eulerOrder": "ZYX",
          "translation": [
            -0.0009258141256385244,
            0.05897128874573565,
            0
          ],
          "preRotation": [
            -9.064716705822645,
            -1.5902773407317584e-15,
            7.951386703658792e-16
          ],
          "parentMatrixWorld": {
            "elements": [
              0.9317451670173803,
              -0.24525354626820445,
              -0.26777162758208334,
              0,
              0.2666717502855222,
              0.9626797365482354,
              0.04619419818151714,
              0,
              0.24644902940515775,
              -0.11444834812633557,
              0.9623743829899528,
              0,
              -1.1102230246251565e-16,
              0.12670242754097893,
              -8.7372193369184e-9,
              1
            ]
          }
        }
      },
      "children": [
        21
      ]
    },
    {
      "rotation": [
        0.04089941160699058,
        0.1309200008983561,
        -0.13033560471369404,
        0.9819367809706796
      ],
      "translation": [
        -1.1102230246251565e-16,
        0.12670242754097893,
        -8.7372193369184e-9
      ],
      "name": "mixamorigRightHandIndex1",
      "extras": {
        "transformData": {
          "eulerOrder": "ZYX",
          "translation": [
            -1.1102230246251565e-16,
            0.12670242754097893,
            -8.7372193369184e-9
          ],
          "preRotation": [
            18.456542541124108,
            -6.361109362927035e-15,
            78.72777299608677
          ],
          "parentMatrixWorld": {
            "elements": [
              0.32174283499907264,
              -0.11275498761240194,
              0.9400892719202508,
              0,
              -0.22549764451880183,
              0.9551888986550028,
              0.19174195880922698,
              0,
              -0.9195826981449207,
              -0.2736795191826642,
              0.28189920017808073,
              0,
              0,
              0.20135105134924203,
              0,
              1
            ]
          }
        }
      },
      "children": [
        22
      ]
    },
    {
      "rotation": [
        0.14547743481893433,
        -0.581280238671041,
        0.03524012813542743,
        0.7998173025444961
      ],
      "translation": [
        0,
        0.20135105134924203,
        0
      ],
      "scale": [
        1,
        1,
        0.9999999999999999
      ],
      "name": "mixamorigRightHand",
      "extras": {
        "transformData": {
          "eulerOrder": "ZYX",
          "translation": [
            0,
            0.20135105134924203,
            0
          ],
          "preRotation": [
            -112.81369422443372,
            -80.49013732592279,
            95.3703719751466
          ],
          "parentMatrixWorld": {
            "elements": [
              0.9049361514065556,
              -0.4254761990945921,
              -0.007781978273159605,
              0,
              0.4252905889128126,
              0.9036037195733766,
              0.05126622831687066,
              0,
              -0.014780736247495355,
              -0.04970226541781991,
              0.9986547023639175,
              0,
              0,
              0.1711376435530063,
              0,
              1
            ]
          }
        }
      },
      "children": [
        19,
        23
      ]
    },
    {
      "rotation": [
        0.02587339110583246,
        -0.001793446605243719,
        -0.21801079754451674,
        0.9756016646763589
      ],
      "translation": [
        0,
        0.1711376435530063,
        0
      ],
      "scale": [
        0.9999999999999999,
        0.9999999999999999,
        1
      ],
      "name": "mixamorigRightForeArm",
      "extras": {
        "transformData": {
          "eulerOrder": "ZYX",
          "translation": [
            0,
            0.1711376435530063,
            0
          ],
          "preRotation": [
            -9.628091622461822,
            -1.5902773407317588e-15,
            2.5009524669980387
          ],
          "parentMatrixWorld": {
            "elements": [
              0.839451527638476,
              -0.5118648320421636,
              0.18252538970504775,
              0,
              0.1322676093872563,
              0.5182197953433167,
              0.8449576897593276,
              0,
              -0.5270924052531134,
              -0.6851588222411555,
              0.5027235403915963,
              0,
              0,
              0.23682316081981103,
              0,
              1
            ]
          }
        }
      },
      "children": [
        24
      ]
    },
    {
      "rotation": [
        0.45235721280409663,
        -0.20978842157829178,
        -0.19042860696977987,
        0.8456350803580168
      ],
      "translation": [
        0,
        0.23682316081981103,
        0
      ],
      "scale": [
        0.9999999999999999,
        1,
        1
      ],
      "name": "mixamorigRightArm",
      "extras": {
        "transformData": {
          "eulerOrder": "ZYX",
          "translation": [
            0,
            0.23682316081981103,
            0
          ],
          "preRotation": [
            -3.2327274087108435,
            7.951386703658794e-16,
            -3.030291522071609
          ],
          "parentMatrixWorld": {
            "elements": [
              -0.07481233126109331,
              -0.06570677087182651,
              -0.9950304925991305,
              0,
              0.977840820982247,
              -0.2004830761873886,
              -0.06028104595060846,
              0,
              -0.19552593117342887,
              -0.9774912255062607,
              0.07924940320346852,
              0,
              0.1173093318939209,
              0.1716925115605461,
              0.0022467546162228125,
              1
            ]
          }
        }
      },
      "children": [
        25
      ]
    },
    {
      "rotation": [
        0.5114736898714407,
        0.4458362512936325,
        -0.5819245678462008,
        0.44831738059986703
      ],
      "translation": [
        0.1173093318939209,
        0.1716925115605461,
        0.0022467546162228125
      ],
      "scale": [
        0.9999999999999999,
        1,
        1
      ],
      "name": "mixamorigRightShoulder",
      "extras": {
        "transformData": {
          "eulerOrder": "ZYX",
          "translation": [
            0.1173093318939209,
            0.1716925115605461,
            0.0022467546162228125
          ],
          "preRotation": [
            97.91175655111495,
            88.90028249209334,
            -0.08897878440025335
          ],
          "parentMatrixWorld": {
            "elements": [
              0.9999288489879844,
              -0.011648396541795223,
              0.0025713458967529367,
              0,
              0.011643222807571295,
              0.9999301791724842,
              0.0020179551246171236,
              0,
              -0.002594672304724953,
              -0.0019878727919084706,
              0.9999946580044343,
              0,
              0,
              0.16723422929405996,
              0,
              1
            ]
          }
        }
      },
      "children": [
        26
      ]
    },
    {
      "rotation": [
        0.0010014752949793822,
        -0.0012915281709557859,
        -0.005823011333618601,
        0.9999817111334892
      ],
      "translation": [
        0,
        0.16723422929405996,
        0
      ],
      "name": "mixamorigSpine2",
      "extras": {
        "transformData": {
          "eulerOrder": "ZYX",
          "translation": [
            0,
            0.16723422929405996,
            0
          ],
          "parentMatrixWorld": {
            "elements": [
              0.9999287199175249,
              -0.011537078504739097,
              0.0030742312585766937,
              0,
              0.011530884159135725,
              0.9999314665115715,
              0.002025088863998993,
              0,
              -0.0030973841809365044,
              -0.001989495909517553,
              0.9999932240353961,
              0,
              0,
              0.14632995067304688,
              0,
              1
            ]
          }
        }
      },
      "children": [
        3,
        15,
        27
      ]
    },
    {
      "rotation": [
        0.0010036646049619426,
        -0.0015429321639782556,
        -0.005767096459650671,
        0.9999816556420194
      ],
      "translation": [
        0,
        0.14632995067304688,
        0
      ],
      "scale": [
        1,
        0.9999999999999999,
        0.9999999999999999
      ],
      "name": "mixamorigSpine1",
      "extras": {
        "transformData": {
          "eulerOrder": "ZYX",
          "translation": [
            0,
            0.14632995067304688,
            0
          ],
          "preRotation": [
            0.000023187284601948166,
            0,
            0
          ],
          "parentMatrixWorld": {
            "elements": [
              0.999952068130503,
              -0.009361133622192184,
              0.002868906127679137,
              0,
              0.009032133267128591,
              0.9950715329817964,
              0.09874748189734257,
              0,
              -0.003779155157809856,
              -0.09871683640458011,
              0.9951083883462205,
              0,
              0,
              0.12461400032043457,
              0.014245986938476562,
              1
            ]
          }
        }
      },
      "children": [
        28
      ]
    },
    {
      "rotation": [
        0.049427084686652474,
        -0.0016640691897434347,
        -0.004603999183349202,
        0.9987657554242061
      ],
      "translation": [
        0,
        0.12461400032043457,
        0.014245986938476562
      ],
      "name": "mixamorigSpine",
      "extras": {
        "transformData": {
          "eulerOrder": "ZYX",
          "translation": [
            0,
            0.12461400032043457,
            0.014245986938476562
          ],
          "preRotation": [
            6.521823691123577,
            0,
            0
          ],
          "parentMatrixWorld": {
            "elements": [
              -0.997064287278645,
              0.03434661906435016,
              -0.06843379502718185,
              0,
              0.031888719106124286,
              0.9988177379245785,
              0.0366910893946247,
              0,
              0.06961310319720436,
              0.034401107628128126,
              -0.9969807656940208,
              0,
              -0.0028460862449890103,
              0.8109475162008056,
              0.02414717798573565,
              1
            ]
          }
        }
      },
      "children": [
        29
      ]
    },
    {
      "rotation": [
        -8.500145032286352e-17,
        9.644105379200652e-18,
        8.19762944298585e-34,
        1
      ],
      "translation": [
        0,
        0.14896424161296506,
        2.7755575615628914e-17
      ],
      "name": "mixamorigLeftToe_End",
      "extras": {
        "transformData": {
          "eulerOrder": "ZYX",
          "translation": [
            0,
            0.14896424161296506,
            2.7755575615628914e-17
          ],
          "preRotation": [
            -9.740448711982017e-15,
            1.1051330708152234e-15,
            0
          ],
          "parentMatrixWorld": {
            "elements": [
              0.9740006932228393,
              -4.2560051927154063e-8,
              -0.22654502762682638,
              0,
              0.1541035281544958,
              0.7329955673189965,
              0.6625478098184766,
              0,
              0.16605647278193603,
              -0.6802334141196843,
              0.7139381972645,
              0,
              -1.1102230246251565e-16,
              0.31553182187407536,
              0,
              1
            ]
          }
        }
      }
    },
    {
      "rotation": [
        0.3629968762397766,
        0.10613279044628143,
        -0.041659142822027206,
        0.9247884154319763
      ],
      "translation": [
        -1.1102230246251565e-16,
        0.31553182187407536,
        0
      ],
      "name": "mixamorigLeftToeBase",
      "extras": {
        "transformData": {
          "eulerOrder": "ZYX",
          "translation": [
            -1.1102230246251565e-16,
            0.31553182187407536,
            0
          ],
