{
  "asset": {
    "version": "2.0",
    "generator": "GLTFExporter"
  },
  "scenes": [
    {
      "name": "AuxScene",
      "nodes": [
        42
      ]
    }
  ],
  "scene": 0,
  "nodes": [
    {
      "name": "unamed",
      "extras": {
        "transformData": {
          "eulerOrder": "ZYX",
          "parentMatrixWorld": {
            "elements": [
              1,
              0,
              0,
              0,
              0,
              1,
              0,
              0,
              0,
              0,
              1,
              0,
              -1.050000000745058,
              -1.100000023841858,
              1.0499999821186066,
              1
            ]
          }
        }
      },
      "mesh": 0,
      "skin": 0
    },
    {
      "translation": [
        -2.220446049250313e-16,
        -0.9402379989624022,
        -0.06586307287216187
      ],
      "name": "mixamorigHeadTop_End",
      "extras": {
        "transformData": {
          "eulerOrder": "ZYX",
          "translation": [
            -2.220446049250313e-16,
            -0.9402379989624022,
            -0.06586307287216187
          ],
          "parentMatrixWorld": {
            "elements": [
              1,
              6.216508248549613e-29,
              0,
              0,
              -6.216508248549613e-29,
              1,
              0,
              0,
              0,
              0,
              1,
              0,
              0,
              0.08068156242370605,
              0.0056517720222473145,
              1
            ]
          }
        }
      }
    },
    {
      "rotation": [
        0,
        0,
        3.1082541242748066e-29,
        1
      ],
      "translation": [
        0,
        0.08068156242370605,
        0.0056517720222473145
      ],
      "name": "mixamorigHead",
      "extras": {
        "transformData": {
          "eulerOrder": "ZYX",
          "translation": [
            0,
            0.08068156242370605,
            0.0056517720222473145
          ],
          "parentMatrixWorld": {
            "elements": [
              1,
              4.623606841969536e-13,
              1.6977336088585994e-14,
              0,
              -4.547476091118239e-13,
              0.9889723930318723,
              -0.14809998651094247,
              0,
              -8.526572722272221e-14,
              0.14809998651094247,
              0.9889723930318723,
              0,
              0,
              0.23631954261550625,
              -2.876247839900259e-8,
              1
            ]
          }
        }
      },
      "children": [
        1
      ]
    },
    {
      "rotation": [
        -0.07425498962402344,
        -2.5631526997973823e-14,
        2.2991179272902063e-13,
        0.9972392916679382
      ],
      "translation": [
        0,
        0.23631954261550625,
        -2.876247839900259e-8
      ],
      "name": "mixamorigNeck",
      "extras": {
        "transformData": {
          "eulerOrder": "ZYX",
          "translation": [
            0,
            0.23631954261550625,
            -2.876247839900259e-8
          ],
          "preRotation": [
            -8.516834287871264,
            0,
            0
          ],
          "parentMatrixWorld": {
            "elements": [
              1,
              5.048709793414476e-29,
              1.0097419586828951e-28,
              0,
              -5.048709793414476e-29,
              1,
              2.7755575615628914e-17,
              0,
              -1.0097419586828951e-28,
              -2.7755575615628914e-17,
              1,
              0,
              0,
              0.2100619064147362,
              0,
              1
            ]
          }
        }
      },
      "children": [
        2
      ]
    },
    {
      "rotation": [
        -2.289834988289382e-16,
        -2.77555756156289e-17,
        -1.0061396160665486e-16,
        1
      ],
      "translation": [
        0.012926420572264785,
        0.05447787151226624,
        0
      ],
      "name": "mixamorigLeftHandThumb4",
      "extras": {
        "transformData": {
          "eulerOrder": "ZYX",
          "translation": [
            0.012926420572264785,
            0.05447787151226624,
            0
          ],
          "preRotation": [
            -2.6239576122073973e-14,
            -3.1805546814635183e-15,
            -1.1529510720305252e-14
          ],
          "parentMatrixWorld": {
            "elements": [
              0.6454954170620439,
              0.7626834961940899,
              0.040614552530478604,
              0,
              -0.7630255280844936,
              0.6462968445466271,
              -0.009613684709202763,
              0,
              -0.03358125571611151,
              -0.024784351423188244,
              0.9991286379471778,
              0,
              -0.04168718047680514,
              0.05648853586361735,
              0,
              1
            ]
          }
        }
      }
    },
    {
      "rotation": [
        0.004181344527751207,
        -0.02044987492263317,
        0.4205164611339569,
        0.9070447683334351
      ],
      "translation": [
        -0.04168718047680514,
        0.05648853586361735,
        0
      ],
      "name": "mixamorigLeftHandThumb3",
      "extras": {
        "transformData": {
          "eulerOrder": "ZYX",
          "translation": [
            -0.04168718047680514,
            0.05648853586361735,
            0
          ],
          "preRotation": [
            10.802375685381458,
            0,
            3.975693351829397e-16
          ],
          "parentMatrixWorld": {
            "elements": [
              0.35757518750947204,
              -0.9338826365043256,
              -0.0017978763152816405,
              0,
              0.9338824690050946,
              0.35757767957110487,
              -0.001327781360724081,
              0,
              0.0018828723971187874,
              -0.0012042234523148652,
              0.9999975023156376,
              0,
              0.028760759904540523,
              0.04504394117251076,
              -2.220446049250313e-16,
              1
            ]
          }
        }
      },
      "children": [
        4
      ]
    },
    {
      "rotation": [
        -0.000037492431147256866,
        0.001116886967793107,
        -0.566754937171936,
        0.8238856792449951
      ],
      "translation": [
        0.028760759904540523,
        0.04504394117251076,
        -2.220446049250313e-16
      ],
      "name": "mixamorigLeftHandThumb2",
      "extras": {
        "transformData": {
          "eulerOrder": "ZYX",
          "translation": [
            0.028760759904540523,
            0.04504394117251076,
            -2.220446049250313e-16
          ],
          "preRotation": [
            -3.1734342163415814,
            0,
            -1.9878466759146984e-15
          ],
          "parentMatrixWorld": {
            "elements": [
              0.9986338203271108,
              0.0515052630008509,
              -0.008814807908118283,
              0,
              -0.04166699646712868,
              0.8866891284471607,
              0.46048480493264554,
              0,
              0.0315333848587831,
              -0.4594884134030601,
              0.8876238213477361,
              0,
              -0.04085460298668209,
              0.052854762993066906,
              3.693734096366086e-8,
              1
            ]
          }
        }
      },
      "children": [
        5
      ]
    },
    {
      "rotation": [
        0.23681262135505676,
        0.010386129841208458,
        0.023983705788850784,
        0.9712037444114685
      ],
      "translation": [
        -0.04085460298668209,
        0.052854762993066906,
        3.693734096366086e-8
      ],
      "name": "mixamorigLeftHandThumb1",
      "extras": {
        "transformData": {
          "eulerOrder": "ZYX",
          "translation": [
            -0.04085460298668209,
            0.052854762993066906,
            3.693734096366086e-8
          ],
          "preRotation": [
            0.000028432394927790613,
            0,
            70.26094215656774
          ],
          "parentMatrixWorld": {
            "elements": [
              0.0172388491696378,
              3.5824081516667544e-7,
              0.9998513208017591,
              0,
              2.0154898572646016e-7,
              0.9999999999999143,
              -3.6176903015667925e-7,
              0,
              -0.9998513208018032,
              2.077554889204735e-7,
              0.017238849169564086,
              0,
              0,
              0.19215036593240964,
              0,
              1
            ]
          }
        }
      },
      "children": [
        6
      ]
    },
    {
      "rotation": [
        -1.9428902930940205e-16,
        3.12250225675825e-17,
        7.112366251504907e-17,
        1
      ],
      "translation": [
        0.00013013108354509306,
        0.027931159719261633,
        0
      ],
      "name": "mixamorigLeftHandIndex4",
      "extras": {
        "transformData": {
          "eulerOrder": "ZYX",
          "translation": [
            0.00013013108354509306,
            0.027931159719261633,
            0
          ],
          "preRotation": [
            -2.2263882770244576e-14,
            3.578124016646455e-15,
            8.150171371250257e-15
          ],
          "parentMatrixWorld": {
            "elements": [
              0.9999686484107374,
              -0.007909259026180051,
              -0.00038186514223574993,
              0,
              0.007909259910921238,
              0.9999687213161864,
              8.067911563866114e-7,
              0,
              0.00038184681687755993,
              -0.000003827036343541704,
              0.9999999270891828,
              0,
              0.000612150092245356,
              0.05221865407725679,
              0,
              1
            ]
          }
        }
      }
    },
    {
      "rotation": [
        0.0000011584659205254866,
        0.00019092948059551418,
        -0.0039546606130898,
        0.9999921917915344
      ],
      "translation": [
        0.000612150092245356,
        0.05221865407725679,
        0
      ],
      "name": "mixamorigLeftHandIndex3",
      "extras": {
        "transformData": {
          "eulerOrder": "ZYX",
          "translation": [
            0.000612150092245356,
            0.05221865407725679,
            0
          ],
          "preRotation": [
            2.9015636136759406,
            -3.975693351829397e-16,
            -4.969616689786746e-16
          ],
          "parentMatrixWorld": {
            "elements": [
              0.9997484342904622,
              0.02242904108060125,
              -0.00007912360081991613,
              0,
              -0.022429041109384963,
              0.999748437420739,
              5.236444960736343e-7,
              0,
              0.00007911544112689894,
              0.0000012511536931520319,
              0.9999999968695908,
              0,
              -0.000742281175790005,
              0.06402118962133929,
              0,
              1
            ]
          }
        }
      },
      "children": [
        8
      ]
    },
    {
      "rotation": [
        -1.8188873696090013e-7,
        0.000039562248275615275,
        0.011215225793421268,
        0.999937117099762
      ],
      "translation": [
        -0.000742281175790005,
        0.06402118962133929,
        0
      ],
      "name": "mixamorigLeftHandIndex2",
      "extras": {
        "transformData": {
          "eulerOrder": "ZYX",
          "translation": [
            -0.000742281175790005,
            0.06402118962133929,
            0
          ],
          "preRotation": [
            16.207179952559322,
            -3.975693351829396e-16,
            1.888454342118963e-15
          ],
          "parentMatrixWorld": {
            "elements": [
              0.9999059278579788,
              -0.010937230825172157,
              0.008277222169696742,
              0,
              0.010936851459044009,
              0.9999401866989436,
              0.00009109665745039048,
              0,
              -0.008277723426910452,
              -5.613338554643752e-7,
              0.9999657390586393,
              0,
              0,
              0.11638499729352006,
              2.9421060920853392e-8,
              1
            ]
          }
        }
      },
      "children": [
        9
      ]
    },
    {
      "rotation": [
        0.000022915037334314547,
        -0.0041388338431715965,
        -0.005468649324029684,
        0.9999764561653137
      ],
      "translation": [
        0,
        0.11638499729352006,
        2.9421060920853392e-8
      ],
      "scale": [
        1,
        0.9999999999999999,
        0.9999999999999999
      ],
      "name": "mixamorigLeftHandIndex1",
      "extras": {
        "transformData": {
          "eulerOrder": "ZYX",
          "translation": [
            0,
            0.11638499729352006,
            2.9421060920853392e-8
          ],
          "preRotation": [
            1.5972398868876179,
            3.975693351829396e-16,
            -32.54761704471622
          ],
          "parentMatrixWorld": {
            "elements": [
              0.0172388491696378,
              3.5824081516667544e-7,
              0.9998513208017591,
              0,
              2.0154898572646016e-7,
              0.9999999999999143,
              -3.6176903015667925e-7,
              0,
              -0.9998513208018032,
              2.077554889204735e-7,
              0.017238849169564086,
              0,
              0,
              0.19215036593240964,
              0,
              1
            ]
          }
        }
      },
      "children": [
        10
      ]
    },
    {
      "rotation": [
        -1.9964387831805652e-7,
        -0.7009854316711426,
        5.492751142810448e-8,
        0.7131755352020264
      ],
      "translation": [
        0,
        0.19215036593240964,
        0
      ],
      "scale": [
        0.9999999999999999,
        1,
        1
      ],
      "name": "mixamorigLeftHand",
      "extras": {
        "transformData": {
          "eulerOrder": "ZYX",
          "translation": [
            0,
            0.19215036593240964,
            0
          ],
          "preRotation": [
            -76.49138802352597,
            -80.68028296976254,
            91.47156365936682
          ],
          "parentMatrixWorld": {
            "elements": [
              0.9999964987816183,
              2.1089611578458423e-7,
              -0.0026462094016486306,
              0,
              -2.103214836715204e-7,
              0.9999999999999541,
              2.1743119519370916e-7,
              0,
              0.0026462094016943653,
              -2.1687387921123588e-7,
              0.999996498781617,
              0,
              0,
              0.20456891685883394,
              0,
              1
            ]
          }
        }
      },
      "children": [
        7,
        11
      ]
    },
    {
      "rotation": [
        1.0857636567607187e-7,
        0.0013231058837845922,
        1.0530449401358055e-7,
        0.9999991059303284
      ],
      "translation": [
        0,
        0.20456891685883394,
        0
      ],
      "scale": [
        0.9999999999999999,
        0.9999999999999999,
        1
      ],
      "name": "mixamorigLeftForeArm",
      "extras": {
        "transformData": {
          "eulerOrder": "ZYX",
          "translation": [
            0,
            0.20456891685883394,
            0
          ],
          "preRotation": [
            3.5895107254335064,
            -1.5902773407317584e-15,
            4.836013783554862
          ],
          "parentMatrixWorld": {
            "elements": [
              0.9990316787018555,
              0.04383068205599674,
              -0.003817876956641649,
              0,
              -0.04379708493456445,
              0.982493114506583,
              -0.18107759088488865,
              0,
              -0.004185716806531185,
              0.181069461478038,
              0.9834614016794736,
              0,
              0,
              0.24025807088247264,
              0,
              1
            ]
          }
        }
      },
      "children": [
        12
      ]
    },
    {
      "rotation": [
        -0.09093564003705978,
        -0.00009236510959453881,
        0.022003456950187683,
        0.9956136345863342
      ],
      "translation": [
        0,
        0.24025807088247264,
        0
      ],
      "name": "mixamorigLeftArm",
      "extras": {
        "transformData": {
          "eulerOrder": "ZYX",
          "translation": [
            0,
            0.24025807088247264,
            0
          ],
          "preRotation": [
            -3.5558525760112776,
            1.5902773407317584e-15,
            -0.3934959445464361
          ],
          "parentMatrixWorld": {
            "elements": [
              0.043797672078930816,
              -0.0017547947974385636,
              0.9990388350253241,
              0,
              -0.9824933130922595,
              -0.1813253763833842,
              0.04275377785925727,
              0,
              0.1810761246617929,
              -0.9834215355011615,
              -0.009665650021538852,
              0,
              -0.11696493625640869,
              0.2101834803688698,
              0.005787835341531933,
              1
            ]
          }
        }
      },
      "children": [
        13
      ]
    },
    {
      "rotation": [
        0.5556052327156067,
        -0.4428720474243164,
        0.5310042500495911,
        0.46173760294914246
      ],
      "translation": [
        -0.11696493625640869,
        0.2101834803688698,
        0.005787835341531933
      ],
      "name": "mixamorigLeftShoulder",
      "extras": {
        "transformData": {
          "eulerOrder": "ZYX",
          "translation": [
            -0.11696493625640869,
            0.2101834803688698,
            0.005787835341531933
          ],
          "preRotation": [
            102.60056144941565,
            -87.17016373500168,
            -0.03441769952714742
          ],
          "parentMatrixWorld": {
            "elements": [
              1,
              5.048709793414476e-29,
              1.0097419586828951e-28,
              0,
              -5.048709793414476e-29,
              1,
              2.7755575615628914e-17,
              0,
              -1.0097419586828951e-28,
              -2.7755575615628914e-17,
              1,
              0,
              0,
              0.2100619064147362,
              0,
              1
            ]
          }
        }
      },
      "children": [
        14
      ]
    },
    {
      "rotation": [
        1.733336949948512e-33,
        -2.7755575615628907e-17,
        6.245004513516506e-17,
        1
      ],
      "translation": [
        -0.005221157719231151,
        0.06482231794514481,
        5.551115123125783e-17
      ],
      "name": "mixamorigRightHandThumb4",
      "extras": {
        "transformData": {
          "eulerOrder": "ZYX",
          "translation": [
            -0.005221157719231151,
            0.06482231794514481,
            5.551115123125783e-17
          ],
          "preRotation": [
            0,
            -3.180554681463516e-15,
            7.156248033292912e-15
          ],
          "parentMatrixWorld": {
            "elements": [
              0.7228388677562075,
              -0.6859430780405771,
              0.08358268492507914,
              0,
              0.6879280584957317,
              0.7257478904699948,
              0.006707166313193014,
              0,
              -0.06526069157892511,
              0.05265067363176179,
              0.996478273071819,
              0,
              0.04048591038091276,
              0.05021449459706728,
              0,
              1
            ]
          }
        }
      }
    },
    {
      "rotation": [
        -0.012376431375741959,
        -0.0400959774851799,
        -0.3700984716415405,
        0.928044319152832
      ],
      "translation": [
        0.04048591038091276,
        0.05021449459706728,
        0
      ],
      "name": "mixamorigRightHandThumb3",
      "extras": {
        "transformData": {
          "eulerOrder": "ZYX",
          "translation": [
            0.04048591038091276,
            0.05021449459706728,
            0
          ],
          "preRotation": [
            -15.069702056610145,
            3.1805546814635168e-15,
            -1.1927080055488188e-15
          ],
          "parentMatrixWorld": {
            "elements": [
              0.22164794173686397,
              0.975126243173984,
              -0.0009655864306624501,
              0,
              -0.9751262351966594,
              0.22164871126689034,
              0.0007789640129737288,
              0,
              0.0009736092398594981,
              0.0007689129577837769,
              0.9999992304286263,
              0,
              -0.03526475266168183,
              0.04465245253481909,
              1.1102230246251565e-16,
              1
            ]
          }
        }
      },
      "children": [
        16
      ]
    },
    {
      "rotation": [
        0.00000321509378409246,
        0.0006203026277944446,
        0.6238394379615784,
        0.781552255153656
      ],
      "translation": [
        -0.03526475266168183,
        0.04465245253481909,
        1.1102230246251565e-16
      ],
      "name": "mixamorigRightHandThumb2",
      "extras": {
        "transformData": {
          "eulerOrder": "ZYX",
          "translation": [
            -0.03526475266168183,
            0.04465245253481909,
            1.1102230246251565e-16
          ],
          "preRotation": [
            10.62979521542874,
            3.1805546814635168e-15,
            -2.782985346280577e-15
          ],
          "parentMatrixWorld": {
            "elements": [
              0.9926302207923796,
              -0.11598458921703984,
              -0.035111528417900995,
              0,
              0.11979346887156946,
              0.8954140483024411,
              0.4288160458249383,
              0,
              -0.018296698592993876,
              -0.4298618980618936,
              0.9027092411489346,
              0,
              0.041858419607665454,
              0.05750107637657642,
              2.20899343261749e-9,
              1
            ]
          }
        }
      },
      "children": [
        17
      ]
    },
    {
      "rotation": [
        0.2205146998167038,
        0.00431816978380084,
        -0.06054950878024101,
        0.9734928607940674
      ],
      "translation": [
        0.041858419607665454,
        0.05750107637657642,
        2.20899343261749e-9
      ],
      "name": "mixamorigRightHandThumb1",
      "extras": {
        "transformData": {
          "eulerOrder": "ZYX",
          "translation": [
            0.041858419607665454,
            0.05750107637657642,
            2.20899343261749e-9
          ],
          "preRotation": [
            -0.000007707640710432467,
            3.1805546814635176e-15,
            -74.35332010161468
          ],
          "parentMatrixWorld": {
            "elements": [
              -0.03852118645821223,
              -5.715956511459374e-7,
              -0.9992578320877963,
              0,
              -5.338402510446641e-7,
              0.9999999999997055,
              -5.514408044829747e-7,
              0,
              0.9992578320878172,
              5.122018997185702e-7,
              -0.038521186458505996,
              0,
              0,
              0.19222585446838303,
              0,
              1
            ]
          }
        }
      },
      "children": [
        18
      ]
    },
    {
      "rotation": [
        -8.326672684688668e-17,
        5.551115123125783e-17,
        4.85722573273506e-17,
        1
      ],
      "translation": [
        0.0000691674263646469,
        0.03557214221284277,
        0
      ],
      "name": "mixamorigRightHandIndex4",
      "extras": {
        "transformData": {
          "eulerOrder": "ZYX",
          "translation": [
            0.0000691674263646469,
            0.03557214221284277,
            0
          ],
          "preRotation": [
            -9.541664044390542e-15,
            6.3611093629270335e-15,
            5.565970692561154e-15
          ],
          "parentMatrixWorld": {
            "elements": [
              0.9999996338709305,
              0.0008520140630567226,
              0.0000795613015380406,
              0,
              -0.000852014075726453,
              0.9999996370359134,
              1.253513324292811e-7,
              0,
              -0.00007956116585903989,
              -1.9313863908034188e-7,
              0.9999999968349915,
              0,
              0.00011491910436811636,
              0.051127172294098355,
              -1.1102230246251565e-16,
              1
            ]
          }
        }
      }
    },
    {
      "rotation": [
        7.96225023691477e-8,
        -0.00003978062159148976,
        0.00042600708547979593,
        0.9999998807907104
      ],
      "translation": [
        0.00011491910436811636,
        0.051127172294098355,
        -1.1102230246251565e-16
      ],
      "scale": [
        1,
        0.9999999999999999,
        0.9999999999999999
      ],
      "name": "mixamorigRightHandIndex3",
      "extras": {
        "transformData": {
          "eulerOrder": "ZYX",
          "translation": [
            0.00011491910436811636,
            0.051127172294098355,
            -1.1102230246251565e-16
          ],
          "preRotation": [
            -1.9130834919991855,
            7.951386703658794e-16,
            -1.5902773407317588e-15
          ],
          "parentMatrixWorld": {
            "elements": [
              0.9999874005911035,
              0.005014946732392875,
              0.0002212868184974419,
              0,
              -0.0050149466160609585,
              0.9999874250753398,
              -0.0000010805776413347449,
              0,
              -0.00022128945487173097,
              -2.9177575302358726e-8,
              0.9999999755154874,
              0,
              -0.00018408653073320735,
              0.06542265562864735,
              0,
              1
            ]
          }
        }
      },
      "children": [
        20
      ]
    },
    {
      "rotation": [
        -2.628508468660584e-7,
        -0.00011064441787311807,
        0.0025074812583625317,
        0.9999968409538269
      ],
      "translation": [
        -0.00018408653073320735,
        0.06542265562864735,
        0
      ],
      "name": "mixamorigRightHandIndex2",
      "extras": {
        "transformData": {
          "eulerOrder": "ZYX",
          "translation": [
            -0.00018408653073320735,
            0.06542265562864735,
            0
          ],
          "preRotation": [
            22.72776577856402,
            0,
            -1.192708005548819e-15
          ],
          "parentMatrixWorld": {
            "elements": [
              0.991824036350291,
              -0.0030584139453451705,
              0.12757635514220844,
              0,
              0.0030334352953315684,
              0.9999953230409472,
              0.00039008483685283937,
              0,
              -0.12757695151374726,
              9.911617849037158e-8,
              0.9918286751310542,
              0,
              0,
              0.12775696514156687,
              1.2514988156908657e-8,
              1
            ]
          }
        }
      },
      "children": [
        21
      ]
    },
    {
      "rotation": [
        0.00009769632742973045,
        -0.06391911208629608,
        -0.0015260848449543118,
        0.9979538917541504
      ],
      "translation": [
        0,
        0.12775696514156687,
        1.2514988156908657e-8
      ],
      "name": "mixamorigRightHandIndex1",
      "extras": {
        "transformData": {
          "eulerOrder": "ZYX",
          "translation": [
            0,
            0.12775696514156687,
            1.2514988156908657e-8
          ],
          "preRotation": [
            -20.952604641256823,
            2.385416011097638e-15,
            38.347981273530664
          ],
          "parentMatrixWorld": {
            "elements": [
              -0.03852118645821223,
              -5.715956511459374e-7,
              -0.9992578320877963,
              0,
              -5.338402510446641e-7,
              0.9999999999997055,
              -5.514408044829747e-7,
              0,
              0.9992578320878172,
              5.122018997185702e-7,
              -0.038521186458505996,
              0,
              0,
              0.19222585446838303,
              0,
              1
            ]
          }
        }
      },
      "children": [
        22
      ]
    },
    {
      "rotation": [
        -3.835137079022388e-7,
        0.7205973863601685,
        -1.3613324689742967e-8,
        0.6933537721633911
      ],
      "translation": [
        0,
        0.19222585446838303,
        0
      ],
      "name": "mixamorigRightHand",
      "extras": {
        "transformData": {
          "eulerOrder": "ZYX",
          "translation": [
            0,
            0.19222585446838303,
            0
          ],
          "preRotation": [
            -96.98053979266264,
            84.85455501890364,
            -131.38305550720716
          ],
          "parentMatrixWorld": {
            "elements": [
              0.9999999875522895,
              -2.4825512370098606e-7,
              0.0001577826332126802,
              0,
              2.481145700910898e-7,
              0.9999999999995725,
              8.908249042452868e-7,
              0,
              -0.0001577826334337646,
              -8.907857449865927e-7,
              0.9999999875519235,
              0,
              0,
              0.20513378152597372,
              0,
              1
            ]
          }
        }
      },
      "children": [
        19,
        23
      ]
    },
    {
      "rotation": [
        4.454026623079699e-7,
        -0.0000788913166616112,
        -1.2409242344801896e-7,
        1
      ],
      "translation": [
        0,
        0.20513378152597372,
        0
      ],
      "name": "mixamorigRightForeArm",
      "extras": {
        "transformData": {
          "eulerOrder": "ZYX",
          "translation": [
            0,
            0.20513378152597372,
            0
          ],
          "preRotation": [
            2.885349406729386,
            0,
            -0.3589159178996148
          ],
          "parentMatrixWorld": {
            "elements": [
              0.9999114473696636,
              -0.011488472373165496,
              0.006716577566926451,
              0,
              0.012536057871700116,
              0.9825285735399312,
              -0.18568911644505137,
              0,
              -0.004465944997300353,
              0.18575687259328386,
              0.9825855882109921,
              0,
              0,
              0.24025800958056864,
              -2.220446049250313e-16,
              1
            ]
          }
        }
      },
      "children": [
        24
      ]
    },
    {
      "rotation": [
        -0.09327015280723572,
        -0.002807933371514082,
        -0.006032563745975494,
        0.9956185817718506
      ],
      "translation": [
        0,
        0.24025800958056864,
        -2.220446049250313e-16
      ],
      "scale": [
        0.9999999999999999,
        0.9999999999999999,
        1
      ],
      "name": "mixamorigRightArm",
      "extras": {
        "transformData": {
          "eulerOrder": "ZYX",
          "translation": [
            0,
            0.24025800958056864,
            -2.220446049250313e-16
          ],
          "preRotation": [
            -4.222018500624871,
            0,
            4.948138171958393
          ],
          "parentMatrixWorld": {
            "elements": [
              0.012536395653000909,
              0.0005813141271175937,
              -0.9999212641173187,
              0,
              0.9825284738934954,
              -0.18571145562993507,
              0.012210387105959342,
              0,
              -0.18568971524726408,
              -0.9826041713928575,
              -0.002899329863289779,
              0,
              0.11696493625640869,
              0.20963452789945491,
              0.0021220766032539196,
              1
            ]
          }
        }
      },
      "children": [
        25
      ]
    },
    {
      "rotation": [
        0.5479843020439148,
        0.44851183891296387,
        -0.5408964157104492,
        0.45385175943374634
      ],
      "translation": [
        0.11696493625640869,
        0.20963452789945491,
        0.0021220766032539196
      ],
      "name": "mixamorigRightShoulder",
      "extras": {
        "transformData": {
          "eulerOrder": "ZYX",
          "translation": [
            0.11696493625640869,
            0.20963452789945491,
            0.0021220766032539196
          ],
          "preRotation": [
            102.86876771882267,
            88.96171490529319,
            0.03416665990589266
          ],
          "parentMatrixWorld": {
            "elements": [
              1,
              5.048709793414476e-29,
              1.0097419586828951e-28,
              0,
              -5.048709793414476e-29,
              1,
              2.7755575615628914e-17,
              0,
              -1.0097419586828951e-28,
              -2.7755575615628914e-17,
              1,
              0,
              0,
              0.2100619064147362,
              0,
              1
            ]
          }
        }
      },
      "children": [
        26
      ]
    },
    {
      "rotation": [
        1.3877787807814457e-17,
        -5.048709793414476e-29,
        2.524354896707238e-29,
        1
      ],
      "translation": [
        0,
        0.2100619064147362,
        0
      ],
      "name": "mixamorigSpine2",
      "extras": {
        "transformData": {
          "eulerOrder": "ZYX",
          "translation": [
            0,
            0.2100619064147362,
            0
          ],
          "parentMatrixWorld": {
            "elements": [
              1,
              1.3365702193793416e-12,
              -2.8636779309330176e-13,
              0,
              -1.336570135523617e-12,
              0.9999999999999571,
              2.928250637523888e-7,
              0,
              2.8636818447454913e-13,
              -2.928250637523888e-7,
              0.9999999999999571,
              0,
              0,
              0.1838040325596576,
              -2.220446049250313e-16,
              1
            ]
          }
        }
      },
      "children": [
        3,
        15,
        27
      ]
    },
    {
      "rotation": [
        1.464125318761944e-7,
        1.4318399439196272e-13,
        6.682850887257397e-13,
        1
      ],
      "translation": [
        0,
        0.1838040325596576,
        -2.220446049250313e-16
      ],
      "name": "mixamorigSpine1",
      "extras": {
        "transformData": {
          "eulerOrder": "ZYX",
          "translation": [
            0,
            0.1838040325596576,
            -2.220446049250313e-16
          ],
          "preRotation": [
            0.000016777640794369578,
            0,
            0
          ],
          "parentMatrixWorld": {
            "elements": [
              0.9999998800289984,
              0.0004897794930653509,
              0.000007618974589793776,
              0,
              -0.00048550636614775884,
              0.9889713594987711,
              0.1481060953263028,
              0,
              0.0000650043770153236,
              -0.1481060812569276,
              0.9889714786419367,
              0,
              0,
              0.15580904483795166,
              0.023332595825195312,
              1
            ]
          }
        }
      },
      "children": [
        28
      ]
    },
    {
      "rotation": [
        0.07425806671380997,
        0.00001438606977899326,
        0.00024449650663882494,
        0.9972390532493591
      ],
      "translation": [
        0,
        0.15580904483795166,
        0.023332595825195312
      ],
      "name": "mixamorigSpine",
      "extras": {
        "transformData": {
          "eulerOrder": "ZYX",
          "translation": [
            0,
            0.15580904483795166,
            0.023332595825195312
          ],
          "preRotation": [
            8.51681751023047,
            0,
            0
          ],
          "parentMatrixWorld": {
            "elements": [
              -0.9999997616021974,
              -0.0004897795687532157,
              0.000007615667173918579,
              0,
              -0.0004897795196596564,
              0.9999998800372154,
              0.000006446918715414961,
              0,
              -0.000007618823829577078,
              0.000006443187943940263,
              -0.9999998815234432,
              0,
              -0.00015959932352416217,
              0.7816671133041382,
              0.028829263523221016,
              1
            ]
          }
        }
      },
      "children": [
        29
      ]
    },
    {
      "rotation": [
        -1.6479873021779674e-17,
        -9.75781955236955e-19,
        5.5511151231257815e-17,
        1
      ],
      "translation": [
        0,
        0.16597150280323647,
        1.734723475976807e-18
      ],
      "name": "mixamorigLeftToe_End",
      "extras": {
        "transformData": {
          "eulerOrder": "ZYX",
          "translation": [
            0,
            0.16597150280323647,
            1.734723475976807e-18
          ],
          "preRotation": [
            -1.8884543421189638e-15,
            -1.1181637552020175e-16,
            6.361109362927032e-15
          ],
          "parentMatrixWorld": {
            "elements": [
              0.9202659930028503,
              -6.67990818215003e-8,
              0.39129337516019547,
              0,
              -0.23394470483386698,
              0.8015889113062471,
              0.5502045988693922,
              0,
              -0.31365646896637855,
              -0.5978755936955693,
              0.7376749994864866,
              0,
              0,
              0.3626231851192055,
              0,
              1
            ]
          }
        }
      }
    },
    {
      "rotation": [
        0.30862683057785034,
        -0.18950456380844116,
        0.0628889799118042,
        0.9299905896186829
      ],
      "translation": [
        0,
        0.3626231851192055,
        0
      ],
      "name": "mixamorigLeftToeBase",
      "extras": {
        "transformData": {
          "eulerOrder": "ZYX",
          "translation": [
            0,
            0.3626231851192055,
            0
          ],
          "preRotation": [
            36.7178810930957,
            -23.03499280974639,
            6.9122504142233114e-15
          ],
          "parentMatrixWorld": {
            "elements": [
              -0.9603126285866566,
              0.08760944497706546,
              -0.26480990149621597,
              0,
              0.27892128940198896,
              0.30712714544372227,
              -0.9098768302306598,
              0,
              0.0016165079514056657,
              -0.9476273091374434,
              -0.3193742304739118,
              0,
              0,
              0.13158108014537861,
              0,
              1
            ]
          }
        }
