{
  "asset": {
    "version": "2.0",
    "generator": "GLTFExporter"
  },
  "scenes": [
    {
      "name": "AuxScene",
      "nodes": [
        34
      ]
    }
  ],
  "scene": 0,
  "nodes": [
    {
      "name": "unamed",
      "extras": {
        "transformData": {
          "eulerOrder": "ZYX",
          "parentMatrixWorld": {
            "elements": [
              1,
              0,
              0,
              0,
              0,
              1,
              0,
              0,
              0,
              0,
              1,
              0,
              0.050000011920928955,
              -1.100000023841858,
              0.10000000149011612,
              1
            ]
          }
        }
      },
      "mesh": 0,
      "skin": 0
    },
    {
      "rotation": [
        3.172646607235707e-17,
        1.8446035015703908e-17,
        -5.8522750409524055e-34,
        1
      ],
      "translation": [
        -5.551115123125783e-17,
        0.14830237248057868,
        0
      ],
      "name": "mixamorigLeftToe_End",
      "extras": {
        "transformData": {
          "eulerOrder": "ZYX",
          "translation": [
            -5.551115123125783e-17,
            0.14830237248057868,
            0
          ],
          "preRotation": [
            3.635585209622115e-15,
            2.113759910300734e-15,
            0
          ],
          "parentMatrixWorld": {
            "elements": [
              0.975008577427951,
              0.0000010333927471933846,
              -0.22216722022721114,
              0,
              0.14723721378839438,
              0.7488541024547775,
              0.6461723718397907,
              0,
              0.16637150182764077,
              -0.6627348876075276,
              0.7301390210064325,
              0,
              5.551115123125783e-17,
              0.3245135633903063,
              0,
              1
            ]
          }
        }
      }
    },
    {
      "rotation": [
        0.35214182298001084,
        0.10453050274966875,
        -0.0396116811171401,
        0.9292472336647284
      ],
      "translation": [
        5.551115123125783e-17,
        0.3245135633903063,
        0
      ],
      "name": "mixamorigLeftToeBase",
      "extras": {
        "transformData": {
          "eulerOrder": "ZYX",
          "translation": [
            5.551115123125783e-17,
            0.3245135633903063,
            0
          ],
          "preRotation": [
            41.50844546395797,
            12.836410199304543,
            1.7202371665900723e-16
          ],
          "parentMatrixWorld": {
            "elements": [
              -0.9913604151608708,
              -0.018046376225671575,
              -0.12991850056615434,
              0,
              0.13001046760272383,
              -0.004015021358536153,
              -0.9915044822748077,
              0,
              0.017371436266394983,
              -0.9998290795743214,
              0.006326570537092179,
              0,
              0,
              0.24374975120550083,
              0,
              1
            ]
          }
        }
      },
      "children": [
        1
      ]
    },
    {
      "rotation": [
        -0.03977447567402066,
        -0.703743352235963,
        0.707407592385129,
        -0.052323740027018915
      ],
      "translation": [
        0,
        0.24374975120550083,
        0
      ],
      "scale": [
        1,
        1,
        0.9999999999999999
      ],
      "name": "mixamorigLeftFoot",
      "extras": {
        "transformData": {
          "eulerOrder": "ZYX",
          "translation": [
            0,
            0.24374975120550083,
            0
          ],
          "preRotation": [
            -110.21470671937136,
            8.121674866843295,
            180
          ],
          "parentMatrixWorld": {
            "elements": [
              0.985713698221508,
              0.1260114372198083,
              -0.11175698170778178,
              0,
              0.039686235293143066,
              0.4710757665281541,
              0.8811995402921259,
              0,
              0.16368722613231748,
              -0.873045671641865,
              0.4593449164080462,
              0,
              0,
              0.3466622232814725,
              2.7755575615628914e-17,
              1
            ]
          }
        }
      },
      "children": [
        2
      ]
    },
    {
      "rotation": [
        0.5136372784575969,
        0.08064916598855784,
        0.02527573766670383,
        0.8538346443631485
      ],
      "translation": [
        0,
        0.3466622232814725,
        2.7755575615628914e-17
      ],
      "name": "mixamorigLeftLeg",
      "extras": {
        "transformData": {
          "eulerOrder": "ZYX",
          "translation": [
            0,
            0.3466622232814725,
            2.7755575615628914e-17
          ],
          "preRotation": [
            36.083104124303546,
            -0.6372859554849357,
            9.939848228912557e-17
          ],
          "parentMatrixWorld": {
            "elements": [
              -0.9884965130838624,
              0.07672428007714643,
              0.13033839988043922,
              0,
              -0.11284473442687906,
              -0.9479287780657292,
              -0.29782069473802486,
              0,
              0.10070143767035714,
              -0.30910270970788384,
              0.945682154433993,
              0,
              -0.19647591188549995,
              -0.07263720035552979,
              0.025692328810691913,
              1
            ]
          }
        }
      },
      "children": [
        3
      ]
    },
    {
      "rotation": [
        0.05863043268617807,
        -0.15401751571180164,
        0.985153217218467,
        0.04810648008623079
      ],
      "translation": [
        -0.19647591188549995,
        -0.07263720035552979,
        0.025692328810691913
      ],
      "scale": [
        0.9999999999999999,
        0.9999999999999999,
        1
      ],
      "name": "mixamorigLeftUpLeg",
      "extras": {
        "transformData": {
          "eulerOrder": "ZYX",
          "translation": [
            -0.19647591188549995,
            -0.07263720035552979,
            0.025692328810691913
          ],
          "preRotation": [
            -15.735767955522377,
            -0.18157667906481734,
            179.3555932252083
          ],
          "parentMatrixWorld": {
            "elements": [
              -0.9999822087893033,
              0.005636168279491268,
              -0.001962305432260183,
              0,
              0.005746520601357104,
              0.9980779157744005,
              -0.06170455070719548,
              0,
              0.0016107564876168547,
              -0.061714728259338034,
              -0.998092547150327,
              0,
              0.0016309060398834942,
              0.7919673534393239,
              0.021981778614581983,
              1
            ]
          }
        }
      },
      "children": [
        4
      ]
    },
    {
      "rotation": [
        -1.6391781595265213e-16,
        1.7132154565614483e-17,
        1.0842021724855324e-19,
        1
      ],
      "translation": [
        0,
        0.14818030210986843,
        0
      ],
      "name": "mixamorigRightToe_End",
      "extras": {
        "transformData": {
          "eulerOrder": "ZYX",
          "translation": [
            0,
            0.14818030210986843,
            0
          ],
          "preRotation": [
            -1.8783598082178328e-14,
            1.9632003011509883e-15,
            1.2424041724466862e-17
          ],
          "parentMatrixWorld": {
            "elements": [
              0.9745064209179687,
              -0.0004587963257735306,
              0.22435914514346716,
              0,
              -0.15057425891074364,
              0.740001555517273,
              0.6555342094095773,
              0,
              -0.16632687412759325,
              -0.6726050079048552,
              0.7210671843065515,
              0,
              5.551115123125783e-17,
              0.3206913533115923,
              2.7755575615628914e-17,
              1
            ]
          }
        }
      }
    },
    {
      "rotation": [
        0.3582728293822126,
        -0.10538969386609003,
        0.04049446836084514,
        0.9267652389413734
      ],
      "translation": [
        5.551115123125783e-17,
        0.3206913533115923,
        2.7755575615628914e-17
      ],
      "scale": [
        1,
        1,
        0.9999999999999999
      ],
      "name": "mixamorigRightToeBase",
      "extras": {
        "transformData": {
          "eulerOrder": "ZYX",
          "translation": [
            5.551115123125783e-17,
            0.3206913533115923,
            2.7755575615628914e-17
          ],
          "preRotation": [
            42.11541557143199,
            -12.988800671862629,
            4.264965289367467e-15
          ],
          "parentMatrixWorld": {
            "elements": [
              -0.9904642761276411,
              0.044600799912016605,
              0.13035077067202386,
              0,
              -0.12810902424580708,
              0.04989927360444323,
              -0.9905039919590071,
              0,
              -0.05068167986925363,
              -0.9977579109318802,
              -0.043709700607657435,
              0,
              2.7755575615628914e-17,
              0.24281025722668656,
              0,
              1
            ]
          }
        }
      },
      "children": [
        6
      ]
    },
    {
      "rotation": [
        0.028922961793240685,
        -0.7218159824948014,
        0.6886318504679297,
        0.0627003470869327
      ],
      "translation": [
        2.7755575615628914e-17,
        0.24281025722668656,
        0
      ],
      "scale": [
        0.9999999999999999,
        0.9999999999999999,
        0.9999999999999999
      ],
      "name": "mixamorigRightFoot",
      "extras": {
        "transformData": {
          "eulerOrder": "ZYX",
          "translation": [
            2.7755575615628914e-17,
            0.24281025722668656,
            0
          ],
          "preRotation": [
            -111.40555754164141,
            -8.284018489895715,
            180
          ],
          "parentMatrixWorld": {
            "elements": [
              0.9922277516121801,
              -0.06830039928924249,
              0.10401511559330592,
              0,
              -0.058276310871270366,
              0.48350340264682534,
              0.8734004371036517,
              0,
              -0.10994526095377555,
              -0.8726737691706705,
              0.4757651988037397,
              0,
              2.7755575615628914e-17,
              0.34629517673186955,
              2.7755575615628914e-17,
              1
            ]
          }
        }
      },
      "children": [
        7
      ]
    },
    {
      "rotation": [
        0.5081729897784846,
        -0.0622704830375225,
        -0.002917385162016689,
        0.8589959725306562
      ],
      "translation": [
        2.7755575615628914e-17,
        0.34629517673186955,
        2.7755575615628914e-17
      ],
      "name": "mixamorigRightLeg",
      "extras": {
        "transformData": {
          "eulerOrder": "ZYX",
          "translation": [
            2.7755575615628914e-17,
            0.34629517673186955,
            2.7755575615628914e-17
          ],
          "preRotation": [
            35.25965827545577,
            0.6597899301482099,
            -1.2424865526772933e-16
          ],
          "parentMatrixWorld": {
            "elements": [
              -0.9905681614260828,
              -0.03600068780990236,
              -0.13220720174094294,
              0,
              0.07755872551239926,
              -0.9427348198222198,
              -0.3244006441237095,
              0,
              -0.11295768150882322,
              -0.3315947591386198,
              0.9366351906285988,
              0,
              0.19647590443491936,
              -0.07263720035552979,
              0.022336415946483515,
              1
            ]
          }
        }
      },
      "children": [
        8
      ]
    },
    {
      "rotation": [
        0.06231265474913204,
        0.1667319337853912,
        -0.9836079213636018,
        0.028862977527893224
      ],
      "translation": [
        0.19647590443491936,
        -0.07263720035552979,
        0.022336415946483515
      ],
      "name": "mixamorigRightUpLeg",
      "extras": {
        "transformData": {
          "eulerOrder": "ZYX",
          "translation": [
            0.19647590443491936,
            -0.07263720035552979,
            0.022336415946483515
          ],
          "preRotation": [
            -15.518773528724399,
            0.17932463555282394,
            -179.35422642918678
          ],
          "parentMatrixWorld": {
            "elements": [
              -0.9999822087893033,
              0.005636168279491268,
              -0.001962305432260183,
              0,
              0.005746520601357104,
              0.9980779157744005,
              -0.06170455070719548,
              0,
              0.0016107564876168547,
              -0.061714728259338034,
              -0.998092547150327,
              0,
              0.0016309060398834942,
              0.7919673534393239,
              0.021981778614581983,
              1
            ]
          }
        }
      },
      "children": [
        9
      ]
    },
    {
      "translation": [
        -6.938893903907228e-18,
        0.5631977319717407,
        -0.17009063437581054
      ],
      "name": "mixamorigHeadTop_End",
      "extras": {
        "transformData": {
          "eulerOrder": "ZYX",
          "translation": [
            -6.938893903907228e-18,
            0.5631977319717407,
            -0.17009063437581054
          ],
          "parentMatrixWorld": {
            "elements": [
              0.9991296222105438,
              -0.04010008979204961,
              0.011488290359778894,
              0,
              0.03852226764970679,
              0.9926599474581392,
              0.11463971200214432,
              0,
              -0.016001028462114063,
              -0.11409737714548829,
              0.9933407046833191,
              0,
              0,
              0.14011681079864502,
              -0.042316507548093775,
              1
            ]
          }
        }
      }
    },
    {
      "rotation": [
        0.057290858932916716,
        -0.0068851391466758175,
        -0.019692225716231818,
        0.9981395523126408
      ],
      "translation": [
        0,
        0.14011681079864502,
        -0.042316507548093775
      ],
      "name": "mixamorigHead",
      "extras": {
        "transformData": {
          "eulerOrder": "ZYX",
          "translation": [
            0,
            0.14011681079864502,
            -0.042316507548093775
          ],
          "parentMatrixWorld": {
            "elements": [
              0.9991977920847335,
              -0.03725636553013996,
              0.014687937575280004,
              0,
              0.03886661830581309,
              0.9905602860010284,
              -0.1314522942297507,
              0,
              -0.009651852889521159,
              0.1319177126252548,
              0.9912136796468826,
              0,
              0,
              0.19646946303468416,
              -8.04434548140609e-9,
              1
            ]
          }
        }
      },
      "children": [
        11
      ]
    },
    {
      "rotation": [
        -0.06599967128104231,
        -0.006099472711069619,
        -0.019076173365750557,
        0.9976186310592114
      ],
      "translation": [
        0,
        0.19646946303468416,
        -8.04434548140609e-9
      ],
      "name": "mixamorigNeck",
      "extras": {
        "transformData": {
          "eulerOrder": "ZYX",
          "translation": [
            0,
            0.19646946303468416,
            -8.04434548140609e-9
          ],
          "preRotation": [
            -5.9030433987231214,
            1.0760087833485133e-15,
            9.106056982755965e-15
          ],
          "parentMatrixWorld": {
            "elements": [
              0.9998198759531561,
              0.018960113465930954,
              -0.0008542472630540184,
              0,
              -0.01892220578860211,
              0.9923094615488076,
              -0.12232694841184688,
              0,
              -0.0014716552317727803,
              0.12232107862923658,
              0.9924894899296355,
              0,
              0,
              0.1746395112333745,
              -1.3877787807814457e-17,
              1
            ]
          }
        }
      },
      "children": [
        12
      ]
    },
    {
      "rotation": [
        -6.938893903907228e-18,
        -9.62964972193618e-35,
        1.3877787807814457e-17,
        1
      ],
      "translation": [
        -0.006786667280234582,
        0.018403679163198294,
        0.015803530401701682
      ],
      "name": "mixamorigLeftHandIndex4",
      "extras": {
        "transformData": {
          "eulerOrder": "ZYX",
          "translation": [
            -0.006786667280234582,
            0.018403679163198294,
            0.015803530401701682
          ],
          "preRotation": [
            -7.951386703658792e-16,
            0,
            1.5902773407317584e-15
          ],
          "parentMatrixWorld": {
            "elements": [
              0.9763802427405868,
              -0.16826119254271812,
              -0.1355352082299473,
              0,
              0.16872348001953327,
              0.9856297089592161,
              -0.00815255218132529,
              0,
              0.1349592859937062,
              -0.014907981119971095,
              0.9907389884439775,
              0,
              -0.008735890944522429,
              0.05526583124711426,
              0.040987666207970674,
              1
            ]
          }
        }
      }
    },
    {
      "rotation": [
        0.0016989215250660806,
        0.06802660835043124,
        -0.08474821051823833,
        0.9940760710508756
      ],
      "translation": [
        -0.008735890944522429,
        0.05526583124711426,
        0.040987666207970674
      ],
      "name": "mixamorigLeftHandIndex3",
      "extras": {
        "transformData": {
          "eulerOrder": "ZYX",
          "translation": [
            -0.008735890944522429,
            0.05526583124711426,
            0.040987666207970674
          ],
          "preRotation": [
            7.951386703658792e-16,
            -3.1805546814635168e-15,
            1.5902773407317584e-15
          ],
          "parentMatrixWorld": {
            "elements": [
              0.9654821205106023,
              -0.2602095486572172,
              0.01163034410489431,
              0,
              0.235704323440902,
              0.8538115148152182,
              -0.4641652350689558,
              0,
              0.11085010612379942,
              0.4508845576452576,
              0.8856722682842159,
              0,
              0,
              0.04811888319037916,
              -2.220446049250313e-16,
              1
            ]
          }
        }
      },
      "children": [
        14
      ]
    },
    {
      "rotation": [
        -0.23769641215801318,
        0.02577365913292045,
        -0.1288202555485698,
        0.9624143928031996
      ],
      "translation": [
        0,
        0.04811888319037916,
        -2.220446049250313e-16
      ],
      "name": "mixamorigLeftHandIndex2",
      "extras": {
        "transformData": {
          "eulerOrder": "ZYX",
          "translation": [
            0,
            0.04811888319037916,
            -2.220446049250313e-16
          ],
          "preRotation": [
            -7.951386703658785e-16,
            0,
            1.590277340731757e-15
          ],
          "parentMatrixWorld": {
            "elements": [
              0.9615840338963961,
              -0.27047548877998817,
              -0.04689516339951135,
              0,
              0.27142157605043926,
              0.9112306020168658,
              0.309821108783212,
              0,
              -0.04106670714016374,
              -0.3106473907223265,
              0.9496376809194631,
              0,
              0,
              0.13237685240776847,
              2.220446049250313e-16,
              1
            ]
          }
        }
      },
      "children": [
        15
      ]
    },
    {
      "rotation": [
        0.15867872491300392,
        0.0014905704450451948,
        -0.13858485217205468,
        0.9775546467330645
      ],
      "translation": [
        0,
        0.13237685240776847,
        2.220446049250313e-16
      ],
      "scale": [
        0.9999999999999999,
        0.9999999999999999,
        0.9999999999999999
      ],
      "name": "mixamorigLeftHandIndex1",
      "extras": {
        "transformData": {
          "eulerOrder": "ZYX",
          "translation": [
            0,
            0.13237685240776847,
            2.220446049250313e-16
          ],
          "preRotation": [
            -7.670743533118016,
            3.1805546814635176e-15,
            -2.6061075827973457
          ],
          "parentMatrixWorld": {
            "elements": [
              0.5229929169985021,
              -0.058368659595198935,
              0.8503361174482752,
              0,
              0.36132231767020717,
              0.9187563203662015,
              -0.15916346085503583,
              0,
              -0.7719615248270971,
              0.39048677838690316,
              0.5015929470942317,
              0,
              0,
              0.23217385401763901,
              0,
              1
            ]
          }
        }
      },
      "children": [
        16
      ]
    },
    {
      "rotation": [
        -0.1601902381061881,
        -0.47280293365033904,
        -0.12231487003787411,
        0.8578085745736621
      ],
      "translation": [
        0,
        0.23217385401763901,
        0
      ],
      "name": "mixamorigLeftHand",
      "extras": {
        "transformData": {
          "eulerOrder": "ZYX",
          "translation": [
            0,
            0.23217385401763901,
            0
          ],
          "preRotation": [
            34.509507859801005,
            -28.169778096368283,
            -9.01975313140544e-16
          ],
          "parentMatrixWorld": {
            "elements": [
              0.9463155250648912,
              0.27448667369382246,
              0.1707161102103723,
              0,
              -0.27946986933579593,
              0.9601392972679761,
              0.005396292265844312,
              0,
              -0.16243003556698538,
              -0.05281660535557227,
              0.9853054800442831,
              0,
              -1.3877787807814457e-17,
              0.15684540571880312,
              0,
              1
            ]
          }
        }
      },
      "children": [
        17
      ]
    },
    {
      "rotation": [
        0.014754217639645646,
        -0.08443679908488017,
        0.14040179638399913,
        0.986377235364116
      ],
      "translation": [
        -1.3877787807814457e-17,
        0.15684540571880312,
        0
      ],
      "name": "mixamorigLeftForeArm",
      "extras": {
        "transformData": {
          "eulerOrder": "ZYX",
          "translation": [
            -1.3877787807814457e-17,
            0.15684540571880312,
            0
          ],
          "preRotation": [
            -13.473618390234535,
            0,
            2.880127884562503
          ],
          "parentMatrixWorld": {
            "elements": [
              0.7363674614906865,
              0.6013275171841319,
              -0.3101099520281231,
              0,
              -0.388473938791827,
              0.7510397862427806,
              0.5338794262480021,
              0,
              0.5539413002740283,
              -0.27266180511487037,
              0.786641327928673,
              0,
              1.3877787807814457e-17,
              0.23978873729910663,
              -2.220446049250313e-16,
              1
            ]
          }
        }
      },
      "children": [
        18
      ]
    },
    {
      "rotation": [
        0.22287123374228496,
        0.23876295610051249,
        0.27351146237187485,
        0.904716613512703
      ],
      "translation": [
        1.3877787807814457e-17,
        0.23978873729910663,
        -2.220446049250313e-16
      ],
      "name": "mixamorigLeftArm",
      "extras": {
        "transformData": {
          "eulerOrder": "ZYX",
          "translation": [
            1.3877787807814457e-17,
            0.23978873729910663,
            -2.220446049250313e-16
          ],
          "preRotation": [
            -8.88820606279126,
            -7.951386703658792e-16,
            -0.27597008840909654
          ],
          "parentMatrixWorld": {
            "elements": [
              0.02696427397859491,
              0.01954292730647894,
              0.9994453471729234,
              0,
              -0.9415408365266074,
              -0.3353795049470434,
              0.03195998909226572,
              0,
              0.3358180774557683,
              -0.9418803861118962,
              0.009357199222444377,
              0,
              -0.11775678768754005,
              0.17054810198158177,
              0.0022566577907402185,
              1
            ]
          }
        }
      },
      "children": [
        19
      ]
    },
    {
      "rotation": [
        0.5815897565516422,
        -0.3963265767810422,
        0.5739713473229506,
        0.4186113855315512
      ],
      "translation": [
        -0.11775678768754005,
        0.17054810198158177,
        0.0022566577907402185
      ],
      "scale": [
        1,
        1,
        0.9999999999999999
      ],
      "name": "mixamorigLeftShoulder",
      "extras": {
        "transformData": {
          "eulerOrder": "ZYX",
          "translation": [
            -0.11775678768754005,
            0.17054810198158177,
            0.0022566577907402185
          ],
          "preRotation": [
            101.55228049429816,
            -88.86579322081515,
            1.2584299000938173
          ],
          "parentMatrixWorld": {
            "elements": [
              0.9998198759531561,
              0.018960113465930954,
              -0.0008542472630540184,
              0,
              -0.01892220578860211,
              0.9923094615488076,
              -0.12232694841184688,
              0,
              -0.0014716552317727803,
              0.12232107862923658,
              0.9924894899296355,
              0,
              0,
              0.1746395112333745,
              -1.3877787807814457e-17,
              1
            ]
          }
        }
      },
      "children": [
        20
      ]
    },
    {
      "rotation": [
        -1.3877787807814457e-17,
        -2.7755575615628914e-17,
        -1.3877787807814457e-17,
        1
      ],
      "translation": [
        -0.0013968593824945363,
        0.010495658662621032,
        -0.0044808638613555996
      ],
      "name": "mixamorigRightHandIndex4",
      "extras": {
        "transformData": {
          "eulerOrder": "ZYX",
          "translation": [
            -0.0013968593824945363,
            0.010495658662621032,
            -0.0044808638613555996
          ],
          "preRotation": [
            -1.5902773407317584e-15,
            -3.1805546814635168e-15,
            -1.5902773407317584e-15
          ],
          "parentMatrixWorld": {
            "elements": [
              0.9877364014504295,
              0.15603509525660775,
              -0.005463543005759873,
              0,
              -0.13052470529587107,
              0.806036160257265,
              -0.5772945606282153,
              0,
              -0.08567439851752945,
              0.5709279792335978,
              0.8165176911917581,
              0,
              -0.018885808420949002,
              0.03999475849288303,
              -0.05352343127249837,
              1
            ]
          }
        }
      }
    },
    {
      "rotation": [
        -0.3021516796252366,
        -0.021107271348265892,
        0.07540744241131567,
        0.9500381904925792
      ],
      "translation": [
        -0.018885808420949002,
        0.03999475849288303,
        -0.05352343127249837
      ],
      "name": "mixamorigRightHandIndex3",
      "extras": {
        "transformData": {
          "eulerOrder": "ZYX",
          "translation": [
            -0.018885808420949002,
            0.03999475849288303,
            -0.05352343127249837
          ],
          "preRotation": [
            -7.95138670365879e-16,
            0,
            1.590277340731758e-15
          ],
          "parentMatrixWorld": {
            "elements": [
              0.9190825915847927,
              -0.39043710710892776,
              -0.053348422184926844,
              0,
              0.33812270089911467,
              0.7118184993017249,
              0.6156195735287002,
              0,
              -0.2023863332685717,
              -0.5838435454532169,
              0.786235641307983,
              0,
              -2.7755575615628914e-17,
              0.044817539654885885,
              0,
              1
            ]
          }
        }
      },
      "children": [
        22
      ]
    },
    {
      "rotation": [
        0.3244335259244506,
        -0.0403121148321115,
        -0.19706252207197167,
        0.9242749462806987
      ],
      "translation": [
        -2.7755575615628914e-17,
        0.044817539654885885,
        0
      ],
      "name": "mixamorigRightHandIndex2",
      "extras": {
        "transformData": {
          "eulerOrder": "ZYX",
          "translation": [
            -2.7755575615628914e-17,
            0.044817539654885885,
            0
          ],
          "preRotation": [
            -5.565970692561153e-15,
            -3.180554681463516e-15,
            -1.590277340731758e-15
          ],
          "parentMatrixWorld": {
            "elements": [
              -0.918370270485829,
              -0.15065253230717054,
              -0.36592328629910986,
              0,
              -0.2633868281158337,
              0.9228279039814423,
              0.281097915382732,
              0,
              0.29533610636287544,
              0.3545313438426485,
              -0.8871776041594768,
              0,
              1.1102230246251565e-16,
              0.13790868062072026,
              0,
              1
            ]
          }
        }
      },
      "children": [
        23
      ]
    },
    {
      "rotation": [
        -0.10721407287782407,
        0.9654501254112959,
        0.16459401746791247,
        0.17123085265028037
      ],
      "translation": [
        1.1102230246251565e-16,
        0.13790868062072026,
        0
      ],
      "name": "mixamorigRightHandIndex1",
      "extras": {
        "transformData": {
          "eulerOrder": "ZYX",
          "translation": [
            1.1102230246251565e-16,
            0.13790868062072026,
            0
          ],
          "preRotation": [
            -154.4847338419704,
            20.114630865783298,
            -180
          ],
          "parentMatrixWorld": {
            "elements": [
              0.48040707150029616,
              0.011359289878493578,
              -0.8769720597940588,
              0,
              -0.29821819746666645,
              0.9424528867391385,
              -0.1511570736846447,
              0,
              0.8247878113949735,
              0.3341459572681213,
              0.45614857889088267,
              0,
              2.7755575615628914e-17,
              0.23220590662615515,
              0,
              1
            ]
          }
        }
      },
      "children": [
        24
      ]
    },
    {
      "rotation": [
        -0.14300839649324343,
        0.5014721418852596,
        0.09122584701093214,
        0.8483820580697418
      ],
      "translation": [
        2.7755575615628914e-17,
        0.23220590662615515,
        0
      ],
      "name": "mixamorigRightHand",
      "extras": {
        "transformData": {
          "eulerOrder": "ZYX",
          "translation": [
            2.7755575615628914e-17,
            0.23220590662615515,
            0
          ],
          "preRotation": [
            34.799752557969725,
            29.757583342040036,
            8.014281590274949e-16
          ],
          "parentMatrixWorld": {
            "elements": [
              0.9370618261264092,
              -0.30029494015510727,
              -0.1781518518576258,
              0,
              0.3064969665705518,
              0.9518404002617697,
              0.00771112463007775,
              0,
              0.1672565182171115,
              -0.06182880297443166,
              0.983972792347629,
              0,
              2.7755575615628914e-17,
              0.156943457513648,
              4.440892098500626e-16,
              1
            ]
          }
        }
      },
      "children": [
        25
      ]
    },
    {
      "rotation": [
        0.01766800439360977,
        0.08775787968571758,
        -0.15416757600047584,
        0.9839810718756228
      ],
      "translation": [
        2.7755575615628914e-17,
        0.156943457513648,
        4.440892098500626e-16
      ],
      "name": "mixamorigRightForeArm",
      "extras": {
        "transformData": {
          "eulerOrder": "ZYX",
          "translation": [
            2.7755575615628914e-17,
            0.156943457513648,
            4.440892098500626e-16
          ],
          "preRotation": [
            -13.982649643840933,
            7.951386703658792e-16,
            1.741211142739838
          ],
          "parentMatrixWorld": {
            "elements": [
              0.6046921619830181,
              -0.7357406236798545,
              0.30501330536581434,
              0,
              0.49021760058194813,
              0.6456391444554525,
              0.58552266612424,
              0,
              -0.6277213441190911,
              -0.2045380725751062,
              0.7510859380333587,
              0,
              -1.3877787807814457e-17,
              0.2397887679446809,
              0,
              1
            ]
          }
        }
      },
      "children": [
        26
      ]
    },
    {
      "rotation": [
        0.22801703855973515,
        -0.2691937241277532,
        -0.3538200925593712,
        0.8662299358084691
      ],
      "translation": [
        -1.3877787807814457e-17,
        0.2397887679446809,
        0
      ],
      "scale": [
        0.9999999999999999,
        0.9999999999999999,
        0.9999999999999999
      ],
      "name": "mixamorigRightArm",
      "extras": {
        "transformData": {
          "eulerOrder": "ZYX",
          "translation": [
            -1.3877787807814457e-17,
            0.2397887679446809,
            0
          ],
          "preRotation": [
            -8.49270503959681,
            0,
            -3.407929268265475
          ],
          "parentMatrixWorld": {
            "elements": [
              0.1396491437579367,
              -0.030881093438002605,
              -0.9897194035415007,
              0,
              0.9359591670293268,
              -0.32215474150706847,
              0.1421154304470149,
              0,
              -0.32323146092581906,
              -0.9461832359461062,
              -0.01608520692983051,
              0,
              0.11775678023695946,
              0.1706347377632924,
              0.0030945796222766053,
              1
            ]
          }
        }
      },
      "children": [
        27
      ]
    },
    {
      "rotation": [
        0.6078423093605025,
        0.37225035986041216,
        -0.5400047200764316,
        0.4476073192149524
      ],
      "translation": [
        0.11775678023695946,
        0.1706347377632924,
        0.0030945796222766053
      ],
      "name": "mixamorigRightShoulder",
      "extras": {
        "transformData": {
          "eulerOrder": "ZYX",
          "translation": [
            0.11775678023695946,
            0.1706347377632924,
            0.0030945796222766053
          ],
          "preRotation": [
            101.77712628507682,
            88.45572095171046,
            -0.9912699659818138
          ],
          "parentMatrixWorld": {
            "elements": [
              0.9998198759531561,
              0.018960113465930954,
              -0.0008542472630540184,
              0,
              -0.01892220578860211,
              0.9923094615488076,
              -0.12232694841184688,
              0,
              -0.0014716552317727803,
              0.12232107862923658,
              0.9924894899296355,
              0,
              0,
              0.1746395112333745,
              -1.3877787807814457e-17,
              1
            ]
          }
        }
      },
      "children": [
        28
      ]
    },
    {
      "rotation": [
        -0.06127994058970904,
        -0.00015464961684054428,
        0.009488841178875898,
        0.9980754904736645
      ],
      "translation": [
        0,
        0.1746395112333745,
        -1.3877787807814457e-17
      ],
      "name": "mixamorigSpine2",
      "extras": {
        "transformData": {
          "eulerOrder": "ZYX",
          "translation": [
            0,
            0.1746395112333745,
            -1.3877787807814457e-17
          ],
          "preRotation": [
            -7.951386703658792e-16,
            -6.620859447075238e-32,
            -1.4317608554300202e-30
          ],
          "parentMatrixWorld": {
            "elements": [
              0.9998212426310236,
              0.01890720948686609,
              0.000014353691166832687,
              0,
              -0.01876341049115081,
              0.9923099727621831,
              -0.12234726018995958,
              0,
              -0.0023274886356889086,
              0.12232512039098452,
              0.992487353782207,
              0,
              0,
              0.15280965308984906,
              0,
              1
            ]
          }
        }
      },
      "children": [
        13,
        21,
        29
      ]
    },
    {
      "rotation": [
        -0.06128604263336296,
        -0.000586589497120677,
        0.009435814604477535,
        0.9980754592227052
      ],
      "translation": [
        0,
        0.15280965308984906,
        0
      ],
      "name": "mixamorigSpine1",
      "extras": {
        "transformData": {
          "eulerOrder": "ZYX",
          "translation": [
            0,
            0.15280965308984906,
            0
          ],
          "preRotation": [
            0.00000574885883335471,
            0,
            1.3008596751788104e-15
          ],
          "parentMatrixWorld": {
            "elements": [
              0.9997842048788892,
              0.019386973084838152,
              0.007462502457491358,
              0,
              -0.020539061291906677,
              0.9763436125948485,
              0.21524705900080854,
              0,
              -0.0031129776047386574,
              -0.21535388253258403,
              0.9765311126411265,
              0,
              2.0816681711721685e-17,
              0.1302850842475891,
              0.013470645062625424,
              1
            ]
          }
        }
      },
      "children": [
        30
      ]
    },
    {
      "rotation": [
        0.10829298181659118,
