{
  "asset": {
    "version": "2.0",
    "generator": "GLTFExporter"
  },
  "scenes": [
    {
      "name": "AuxScene",
      "nodes": [
        26
      ]
    }
  ],
  "scene": 0,
  "nodes": [
    {
      "name": "unamed",
      "extras": {
        "transformData": {
          "eulerOrder": "ZYX",
          "parentMatrixWorld": {
            "elements": [
              1,
              0,
              0,
              0,
              0,
              1,
              0,
              0,
              0,
              0,
              1,
              0,
              -1.050000000745058,
              -1.100000023841858,
              1.0999999940395355,
              1
            ]
          }
        }
      },
      "mesh": 0,
      "skin": 0
    },
    {
      "translation": [
        -4.440892098500626e-16,
        0.5767277479171753,
        -0.17067545652389526
      ],
      "name": "mixamorigHeadTop_End",
      "extras": {
        "transformData": {
          "eulerOrder": "ZYX",
          "translation": [
            -4.440892098500626e-16,
            0.5767277479171753,
            -0.17067545652389526
          ],
          "parentMatrixWorld": {
            "elements": [
              1,
              0,
              0,
              0,
              0,
              1,
              0,
              0,
              0,
              0,
              1,
              0,
              0,
              0.12388575077056885,
              -0.036662518978118896,
              1
            ]
          }
        }
      }
    },
    {
      "translation": [
        0,
        0.12388575077056885,
        -0.036662518978118896
      ],
      "name": "mixamorigHead",
      "extras": {
        "transformData": {
          "eulerOrder": "ZYX",
          "translation": [
            0,
            0.12388575077056885,
            -0.036662518978118896
          ],
          "parentMatrixWorld": {
            "elements": [
              1,
              0,
              0,
              0,
              0,
              0.9952321450497131,
              -0.09753449369195719,
              0,
              0,
              0.09753449369195719,
              0.9952321450497131,
              0,
              0,
              0.19937984306049428,
              2.064362303322298e-8,
              1
            ]
          }
        }
      },
      "children": [
        1
      ]
    },
    {
      "rotation": [
        -0.04882547977381639,
        0,
        0,
        0.998807325025631
      ],
      "translation": [
        0,
        0.19937984306049428,
        2.064362303322298e-8
      ],
      "scale": [
        1,
        0.9999999999999999,
        0.9999999999999999
      ],
      "name": "mixamorigNeck",
      "extras": {
        "transformData": {
          "eulerOrder": "ZYX",
          "translation": [
            0,
            0.19937984306049428,
            2.064362303322298e-8
          ],
          "preRotation": [
            -5.597213243183645,
            0,
            0
          ],
          "parentMatrixWorld": {
            "elements": [
              1,
              0,
              0,
              0,
              0,
              1,
              0,
              0,
              0,
              0,
              1,
              0,
              0,
              0.17722657499804062,
              0,
              1
            ]
          }
        }
      },
      "children": [
        2
      ]
    },
    {
      "rotation": [
        6.868420762695674e-17,
        6.938893903907227e-18,
        -1.3010426069826057e-18,
        1
      ],
      "translation": [
        0,
        0.21134640278070058,
        0
      ],
      "name": "mixamorigLeftHand",
      "extras": {
        "transformData": {
          "eulerOrder": "ZYX",
          "translation": [
            0,
            0.21134640278070058,
            0
          ],
          "preRotation": [
            7.87063043244976e-15,
            7.95138670365879e-16,
            -1.4908850069360232e-16
          ],
          "parentMatrixWorld": {
            "elements": [
              0.9957586967001983,
              0.09200335834045632,
              -3.2959746043559335e-17,
              0,
              -0.0878831498438657,
              0.9511653957957237,
              -0.2959069816923633,
              0,
              -0.02722443607208532,
              0.2946519504344772,
              0.9552167597910515,
              0,
              2.220446049250313e-16,
              0.13693614204582827,
              0,
              1
            ]
          }
        }
      }
    },
    {
      "rotation": [
        -0.1494795480269985,
        -0.006890923459051459,
        0.04553204172648449,
        0.9876918613979481
      ],
      "translation": [
        2.220446049250313e-16,
        0.13693614204582827,
        0
      ],
      "scale": [
        1,
        0.9999999999999999,
        1
      ],
      "name": "mixamorigLeftForeArm",
      "extras": {
        "transformData": {
          "eulerOrder": "ZYX",
          "translation": [
            2.220446049250313e-16,
            0.13693614204582827,
            0
          ],
          "preRotation": [
            -17.21193192663849,
            1.5902773407317588e-15,
            5.278869341607614
          ],
          "parentMatrixWorld": {
            "elements": [
              0.9984588368954812,
              -0.05549730646907896,
              -1.3444106938820255e-17,
              0,
              0.055111994133549266,
              0.9915266354815475,
              -0.11763332535155903,
              0,
              0.00652833270801236,
              0.11745203321066536,
              0.9930570984423475,
              0,
              0,
              0.2502293218429049,
              0,
              1
            ]
          }
        }
      },
      "children": [
        4
      ]
    },
    {
      "rotation": [
        -0.058896313491563365,
        0.0016355537073847678,
        -0.027711126219077793,
        0.997878070059085
      ],
      "translation": [
        0,
        0.2502293218429049,
        0
      ],
      "scale": [
        1,
        0.9999999999999999,
        1
      ],
      "name": "mixamorigLeftArm",
      "extras": {
        "transformData": {
          "eulerOrder": "ZYX",
          "translation": [
            0,
            0.2502293218429049,
            0
          ],
          "preRotation": [
            -6.755534658600616,
            7.951386703658792e-16,
            -3.1813959530251705
          ],
          "parentMatrixWorld": {
            "elements": [
              0.013390711729040938,
              -0.00022832785663129407,
              0.9999103143311303,
              0,
              -0.977872455620747,
              -0.20879466640780106,
              0.01304790473239331,
              0,
              0.20877296131836656,
              -0.9779594752064348,
              -0.0030191847102791765,
              0,
              -0.11996233463287365,
              0.17311832318836573,
              0.0016460564047584558,
              1
            ]
          }
        }
      },
      "children": [
        5
      ]
    },
    {
      "rotation": [
        0.5534447946378936,
        -0.44182400528192134,
        0.5459818609552155,
        0.44765412446747366
      ],
      "translation": [
        -0.11996233463287365,
        0.17311832318836573,
        0.0016460564047584558
      ],
      "scale": [
        1,
        0.9999999999999999,
        0.9999999999999999
      ],
      "name": "mixamorigLeftShoulder",
      "extras": {
        "transformData": {
          "eulerOrder": "ZYX",
          "translation": [
            -0.11996233463287365,
            0.17311832318836573,
            0.0016460564047584558
          ],
          "preRotation": [
            103.02850648149636,
            -89.23263426677748,
            -0.9768677840026879
          ],
          "parentMatrixWorld": {
            "elements": [
              1,
              0,
              0,
              0,
              0,
              1,
              0,
              0,
              0,
              0,
              1,
              0,
              0,
              0.17722657499804062,
              0,
              1
            ]
          }
        }
      },
      "children": [
        6
      ]
    },
    {
      "rotation": [
        -8.478460988836647e-17,
        2.0816681711721682e-17,
        6.938893903907228e-18,
        1
      ],
      "translation": [
        0,
        0.21141672116337595,
        1.1102230246251565e-16
      ],
      "name": "mixamorigRightHand",
      "extras": {
        "transformData": {
          "eulerOrder": "ZYX",
          "translation": [
            0,
            0.21141672116337595,
            1.1102230246251565e-16
          ],
          "preRotation": [
            -9.71560062853309e-15,
            2.385416011097637e-15,
            7.95138670365879e-16
          ],
          "parentMatrixWorld": {
            "elements": [
              0.9996225267404739,
              0.02747369711179392,
              0,
              0,
              -0.026145623204199612,
              0.9513009415600937,
              -0.30715293417798056,
              0,
              -0.008438626680604612,
              0.3070369921587434,
              0.951660167825604,
              0,
              0,
              0.13677633212506612,
              2.220446049250313e-16,
              1
            ]
          }
        }
      }
    },
    {
      "rotation": [
        -0.15545209660436865,
        -0.0021358250171663795,
        0.013571104644026178,
        0.9877478975080347
      ],
      "translation": [
        0,
        0.13677633212506612,
        2.220446049250313e-16
      ],
      "scale": [
        1,
        0.9999999999999999,
        0.9999999999999999
      ],
      "name": "mixamorigRightForeArm",
      "extras": {
        "transformData": {
          "eulerOrder": "ZYX",
          "translation": [
            0,
            0.13677633212506612,
            2.220446049250313e-16
          ],
          "preRotation": [
            -17.887736572904604,
            0,
            1.5743249856398345
          ],
          "parentMatrixWorld": {
            "elements": [
              0.998600078456703,
              -0.05289502156410118,
              -1.431146867680866e-17,
              0,
              0.052591482995942504,
              0.9928696027140933,
              -0.10697704390497077,
              0,
              0.005658553044217241,
              0.10682728443656996,
              0.9942614907947275,
              0,
              0,
              0.25022938324989596,
              0,
              1
            ]
          }
        }
      },
      "children": [
        8
      ]
    },
    {
      "rotation": [
        -0.053546673444487124,
        0.0014171681854026326,
        -0.02641878888183203,
        0.9982148030315825
      ],
      "translation": [
        0,
        0.25022938324989596,
        0
      ],
      "name": "mixamorigRightArm",
      "extras": {
        "transformData": {
          "eulerOrder": "ZYX",
          "translation": [
            0,
            0.25022938324989596,
            0
          ],
          "preRotation": [
            -6.141084510665561,
            7.951386703658792e-16,
            -3.032076514714109
          ],
          "parentMatrixWorld": {
            "elements": [
              0.028437903021586216,
              0.0004081965011976662,
              -0.9995954777045318,
              0,
              0.9778725027832933,
              -0.20735507179631796,
              0.027735221302200852,
              0,
              -0.20725987062640244,
              -0.9782656630874664,
              -0.006295907557031244,
              0,
              0.11996233463287354,
              0.17329840825200793,
              0.003483626246930438,
              1
            ]
          }
        }
      },
      "children": [
        9
      ]
    },
    {
      "rotation": [
        0.5572452068826917,
        0.43889148224223007,
        -0.5414381915827744,
        0.4513277422417763
      ],
      "translation": [
        0.11996233463287354,
        0.17329840825200793,
        0.003483626246930438
      ],
      "scale": [
        0.9999999999999999,
        1,
        1
      ],
      "name": "mixamorigRightShoulder",
      "extras": {
        "transformData": {
          "eulerOrder": "ZYX",
          "translation": [
            0.11996233463287354,
            0.17329840825200793,
            0.003483626246930438
          ],
          "preRotation": [
            102.78943076580804,
            88.37024056862471,
            0.8223648086138041
          ],
          "parentMatrixWorld": {
            "elements": [
              1,
              0,
              0,
              0,
              0,
              1,
              0,
              0,
              0,
              0,
              1,
              0,
              0,
              0.17722657499804062,
              0,
              1
            ]
          }
        }
      },
      "children": [
        10
      ]
    },
    {
      "translation": [
        0,
        0.17722657499804062,
        0
      ],
      "name": "mixamorigSpine2",
      "extras": {
        "transformData": {
          "eulerOrder": "ZYX",
          "translation": [
            0,
            0.17722657499804062,
            0
          ],
          "parentMatrixWorld": {
            "elements": [
              1,
              0,
              0,
              0,
              0,
              0.9999999999999983,
              5.814419397343063e-8,
              0,
              0,
              -5.814419397343063e-8,
              0.9999999999999983,
              0,
              0,
              0.15507319336366066,
              0,
              1
            ]
          }
        }
      },
      "children": [
        3,
        7,
        11
      ]
    },
    {
      "rotation": [
        2.907209698671533e-8,
        0,
        0,
        0.9999999999999996
      ],
      "translation": [
        0,
        0.15507319336366066,
        0
      ],
      "name": "mixamorigSpine1",
      "extras": {
        "transformData": {
          "eulerOrder": "ZYX",
          "translation": [
            0,
            0.15507319336366066,
            0
          ],
          "preRotation": [
            0.0000033314169178675733,
            0,
            0
          ],
          "parentMatrixWorld": {
            "elements": [
              1,
              0,
              0,
              0,
              0,
              0.9952321507207761,
              0.09753443582498614,
              0,
              0,
              -0.09753443582498614,
              0.9952321507207761,
              0,
              0,
              0.1322861909866333,
              0.012964248657226562,
              1
            ]
          }
        }
      },
      "children": [
        12
      ]
    },
    {
      "rotation": [
        0.04882545073639294,
        0,
        0,
        0.9988073264450897
      ],
      "translation": [
        0,
        0.1322861909866333,
        0.012964248657226562
      ],
      "name": "mixamorigSpine",
      "extras": {
        "transformData": {
          "eulerOrder": "ZYX",
          "translation": [
            0,
            0.1322861909866333,
            0.012964248657226562
          ],
          "preRotation": [
            5.597209911766727,
            0,
            0
          ],
          "parentMatrixWorld": {
            "elements": [
              -1,
              1.224646799147353e-16,
              -1.2246467991473535e-16,
              0,
              1.224646799147353e-16,
              1,
              1.224646799147353e-16,
              0,
              1.2246467991473535e-16,
              1.224646799147353e-16,
              -1,
              0,
              1.0500001907348624,
              0.8378434181213383,
              -1.0211733579635627,
              1
            ]
          }
        }
      },
      "children": [
        13
      ]
    },
    {
      "rotation": [
        -5.2963073470648935e-34,
        -1.908195823574487e-17,
        -2.77555756156289e-17,
        1
      ],
      "translation": [
        0,
        0.15589207294380913,
        0
      ],
      "name": "mixamorigLeftToe_End",
      "extras": {
        "transformData": {
          "eulerOrder": "ZYX",
          "translation": [
            0,
            0.15589207294380913,
            0
          ],
          "preRotation": [
            0,
            -2.1866313435061668e-15,
            -3.180554681463515e-15
          ],
          "parentMatrixWorld": {
            "elements": [
              0.995177594676408,
              -4.85722573273506e-17,
              -0.09808952571033837,
              0,
              0.06308873411420307,
              0.7657191878127183,
              0.6400733841078681,
              0,
              0.07510903195985501,
              -0.6431750348197844,
              0.7620265795250336,
              0,
              0,
              0.3371059262749981,
              1.1102230246251565e-16,
              1
            ]
          }
        }
      }
    },
    {
      "rotation": [
        0.34184493097699137,
        0.04613841569472427,
        -0.016806226791783337,
        0.9384726104173419
      ],
      "translation": [
        0,
        0.3371059262749981,
        1.1102230246251565e-16
      ],
      "name": "mixamorigLeftToeBase",
      "extras": {
        "transformData": {
          "eulerOrder": "ZYX",
          "translation": [
            0,
            0.3371059262749981,
            1.1102230246251565e-16
          ],
          "preRotation": [
            40.02898335499113,
            5.629167459131135,
            -3.195966929397869e-15
          ],
          "parentMatrixWorld": {
            "elements": [
              -0.9877911212872812,
              1.249000902703301e-16,
              -0.155784147800781,
              0,
              0.14861086178670058,
              0.29995394273470044,
              -0.9423069797029641,
              0,
              0.04672806934840946,
              -0.9539536845350031,
              -0.29629184142845055,
              0,
              0,
              0.21723334827693364,
              0,
              1
            ]
          }
        }
      },
      "children": [
        15
      ]
    },
    {
      "rotation": [
        0.046224391306076196,
        0.8037469915107665,
        -0.5898188995624272,
        0.06299003893269246
      ],
      "translation": [
        0,
        0.21723334827693364,
        0
      ],
      "name": "mixamorigLeftFoot",
      "extras": {
        "transformData": {
          "eulerOrder": "ZYX",
          "translation": [
            0,
            0.21723334827693364,
            0
          ],
          "preRotation": [
            -107.45483683958057,
            8.962277074970336,
            180
          ],
          "parentMatrixWorld": {
            "elements": [
              0.9747863862189292,
              0,
              0.2231400933096522,
              0,
              -0.13884447909459435,
              0.7828344154795266,
              0.6065414153755526,
              0,
              -0.1746817445161086,
              -0.6222300844067473,
              0.7630963308730955,
              0,
              0,
              0.3617541415203937,
              0,
              1
            ]
          }
        }
      },
      "children": [
        16
      ]
    },
    {
      "rotation": [
        0.32743535234695836,
        -0.10600907789843002,
        0.03699840933959076,
        0.9381787053343772
      ],
      "translation": [
        0,
        0.3617541415203937,
        0
      ],
      "scale": [
        0.9999999999999999,
        1,
        0.9999999999999999
      ],
      "name": "mixamorigLeftLeg",
      "extras": {
        "transformData": {
          "eulerOrder": "ZYX",
          "translation": [
            0,
            0.3617541415203937,
            0
          ],
          "preRotation": [
            38.47917056557857,
            -12.893533026337266,
            -4.0785277759680226e-16
          ],
          "parentMatrixWorld": {
            "elements": [
              -0.9981912359596732,
              0.05791449365982088,
              0.016129720314585604,
              0,
              -0.06011868639034113,
              -0.9615935323490898,
              -0.2678126623053882,
              0,
              8.673617379884035e-17,
              -0.2682979499894225,
              0.963335979828156,
              0,
              -0.19104576110839844,
              -0.07302719354629528,
              0.025656819343567006,
              1
            ]
          }
        }
      },
      "children": [
        17
      ]
    },
    {
      "rotation": [
        0.004071749048647656,
        -0.1353345149827155,
        0.990343469223799,
        0.029796021208347245
      ],
      "translation": [
        -0.19104576110839844,
        -0.07302719354629528,
        0.025656819343567006
      ],
      "name": "mixamorigLeftUpLeg",
      "extras": {
        "transformData": {
          "eulerOrder": "ZYX",
          "translation": [
            -0.19104576110839844,
            -0.07302719354629528,
            0.025656819343567006
          ],
          "preRotation": [
            -15.536221049298518,
            -0.9242049764478271,
            176.6794537191488
          ],
          "parentMatrixWorld": {
            "elements": [
              -1,
              1.224646799147353e-16,
              -1.2246467991473535e-16,
              0,
              1.224646799147353e-16,
              1,
              1.224646799147353e-16,
              0,
              1.2246467991473535e-16,
              1.224646799147353e-16,
              -1,
              0,
              1.0500001907348624,
              0.8378434181213383,
              -1.0211733579635627,
              1
            ]
          }
        }
      },
      "children": [
        18
      ]
    },
    {
      "rotation": [
        2.428612866367531e-17,
        1.3877787807814457e-17,
        -3.370377402677664e-34,
        1
      ],
      "translation": [
        1.1102230246251565e-16,
        0.1565092783672355,
        0
      ],
      "name": "mixamorigRightToe_End",
      "extras": {
        "transformData": {
          "eulerOrder": "ZYX",
          "translation": [
            1.1102230246251565e-16,
            0.1565092783672355,
            0
          ],
          "preRotation": [
            2.7829853462805784e-15,
            1.5902773407317584e-15,
            0
          ],
          "parentMatrixWorld": {
            "elements": [
              0.9935157347065118,
              -1.0408340855860843e-16,
              0.11369470036277057,
              0,
              -0.07347877736986086,
              0.7630991217573848,
              0.6420908032742242,
              0,
              -0.08676032599529931,
              -0.6462814637393742,
              0.758150984606682,
              0,
              2.220446049250313e-16,
              0.33568930516865114,
              0,
              1
            ]
          }
        }
      }
    },
    {
      "rotation": [
        0.3436079264010236,
        -0.05346120659925066,
        0.01959673533261006,
        0.9373854384764277
      ],
      "translation": [
        2.220446049250313e-16,
        0.33568930516865114,
        0
      ],
      "name": "mixamorigRightToeBase",
      "extras": {
        "transformData": {
          "eulerOrder": "ZYX",
          "translation": [
            2.220446049250313e-16,
            0.33568930516865114,
            0
          ],
          "preRotation": [
            40.261823347014165,
            -6.528343095830289,
            -6.402625686452898e-15
          ],
          "parentMatrixWorld": {
            "elements": [
              -0.9894035021660471,
              9.714451465470118e-17,
              0.1451919760233375,
              0,
              -0.13726804695957923,
              0.3258413291660196,
              -0.9354062815115284,
              0,
              -0.04730954645168526,
              -0.9454244698585509,
              -0.3223885522272998,
              0,
              -1.1102230246251565e-16,
              0.21508587253950395,
              0,
              1
            ]
          }
        }
      },
      "children": [
        20
      ]
    },
    {
      "rotation": [
        -0.04226026767317329,
        0.8120396208867161,
        -0.5790452531479573,
        -0.05926481834249002
      ],
      "translation": [
        -1.1102230246251565e-16,
        0.21508587253950395,
        0
      ],
      "scale": [
        0.9999999999999999,
        1,
        1
      ],
      "name": "mixamorigRightFoot",
      "extras": {
        "transformData": {
          "eulerOrder": "ZYX",
          "translation": [
            -1.1102230246251565e-16,
            0.21508587253950395,
            0
          ],
          "preRotation": [
            -109.0165544465406,
            -8.34839625020346,
            180
          ],
          "parentMatrixWorld": {
            "elements": [
              0.97055464948304,
              -1.3877787807814457e-17,
              -0.24088103363870997,
              0,
              0.1416036232361093,
              0.8089647970606777,
              0.5705474309844736,
              0,
              0.19486427649330526,
              -0.5878570890246853,
              0.7851445450553446,
              0,
              0,
              0.3599204122831265,
              -2.220446049250313e-16,
              1
            ]
          }
        }
      },
      "children": [
        21
      ]
    },
    {
      "rotation": [
        0.306775694672434,
        0.11539670979093493,
        -0.03750032837065208,
        0.9440158885843848
      ],
      "translation": [
        0,
        0.3599204122831265,
        -2.220446049250313e-16
      ],
      "name": "mixamorigRightLeg",
      "extras": {
        "transformData": {
          "eulerOrder": "ZYX",
          "translation": [
            0,
            0.3599204122831265,
            -2.220446049250313e-16
          ],
          "preRotation": [
            36.005087747697594,
            13.93854550309898,
            0
          ],
          "parentMatrixWorld": {
            "elements": [
              -0.9981727409235011,
              -0.05850721996767109,
              -0.015102466319099315,
              0,
              0.06042498884786806,
              -0.9664927248224879,
              -0.24948072788882397,
              0,
              -2.5153490401663703e-17,
              -0.24993742832328447,
              0.9682619903327524,
              0,
              0.19104576110839844,
              -0.07302719354629505,
              0.023016095161437877,
              1
            ]
          }
        }
      },
      "children": [
        22
      ]
    },
    {
      "rotation": [
        -0.0038076753483748363,
        -0.12591467921598815,
        0.9915804879179931,
        -0.029985515614889557
      ],
      "translation": [
        0.19104576110839844,
        -0.07302719354629505,
        0.023016095161437877
      ],
      "name": "mixamorigRightUpLeg",
      "extras": {
        "transformData": {
          "eulerOrder": "ZYX",
          "translation": [
            0.19104576110839844,
            -0.07302719354629505,
            0.023016095161437877
          ],
          "preRotation": [
            -14.448470139279683,
            0.865340477572356,
            -176.6454847642532
          ],
          "parentMatrixWorld": {
            "elements": [
              -1,
              1.224646799147353e-16,
              -1.2246467991473535e-16,
              0,
              1.224646799147353e-16,
              1,
              1.224646799147353e-16,
              0,
              1.2246467991473535e-16,
              1.224646799147353e-16,
              -1,
              0,
              1.0500001907348624,
              0.8378434181213383,
              -1.0211733579635627,
              1
            ]
          }
        }
      },
      "children": [
        23
      ]
    },
    {
      "rotation": [
        6.123233995736765e-17,
        1,
        6.123233995736765e-17,
        6.123233995736767e-17
      ],
      "translation": [
        1.0500001907348624,
        0.8378434181213383,
        -1.0211733579635627
      ],
      "name": "mixamorigHips",
      "extras": {
        "transformData": {
          "eulerOrder": "ZYX",
          "translation": [
            1.0500001907348624,
            0.8378434181213383,
            -1.0211733579635627
          ],
          "preRotation": [
            180,
            7.016709298534876e-15,
            180
          ],
          "parentMatrixWorld": {
            "elements": [
              1,
              0,
              0,
              0,
              0,
              1,
              0,
              0,
              0,
              0,
              1,
              0,
              -1.050000000745058,
              -1.100000023841858,
              1.0999999940395355,
              1
            ]
          }
        }
      },
      "children": [
        14,
        19,
        24
      ]
    },
    {
      "translation": [
        -1.050000000745058,
        -1.100000023841858,
        1.0999999940395355
      ],
      "children": [
        0,
        25
      ]
    }
  ],
  "bufferViews": [
    {
      "buffer": 0,
      "byteOffset": 0,
      "byteLength": 16560,
      "target": 34962,
      "byteStride": 12
    },
    {
      "buffer": 0,
      "byteOffset": 16560,
      "byteLength": 11040,
      "target": 34962,
      "byteStride": 8
    },
    {
      "buffer": 0,
      "byteOffset": 27600,
      "byteLength": 22080,
      "target": 34962,
      "byteStride": 16
    },
    {
      "buffer": 0,
      "byteOffset": 49680,
      "byteLength": 16560,
      "target": 34962,
      "byteStride": 12
    },
    {
      "buffer": 0,
      "byteOffset": 66240,
      "byteLength": 11040,
      "target": 34962,
      "byteStride": 8
    },
    {
      "buffer": 0,
      "byteOffset": 77280,
      "byteLength": 1408
    },
    {
      "buffer": 0,
      "byteOffset": 78688,
      "byteLength": 8
    },
    {
      "buffer": 0,
      "byteOffset": 78696,
      "byteLength": 24
    },
    {
      "buffer": 0,
      "byteOffset": 78720,
      "byteLength": 4
    },
    {
      "buffer": 0,
      "byteOffset": 78724,
      "byteLength": 16
    },
    {
      "buffer": 0,
      "byteOffset": 78740,
      "byteLength": 4
    },
    {
      "buffer": 0,
      "byteOffset": 78744,
      "byteLength": 16
    },
    {
      "buffer": 0,
      "byteOffset": 78760,
      "byteLength": 4
    },
    {
      "buffer": 0,
      "byteOffset": 78764,
      "byteLength": 16
    },
    {
      "buffer": 0,
      "byteOffset": 78780,
      "byteLength": 4
    },
    {
      "buffer": 0,
      "byteOffset": 78784,
      "byteLength": 16
    },
    {
      "buffer": 0,
      "byteOffset": 78800,
      "byteLength": 4
    },
    {
      "buffer": 0,
      "byteOffset": 78804,
      "byteLength": 16
    },
    {
      "buffer": 0,
      "byteOffset": 78820,
      "byteLength": 4
    },
    {
      "buffer": 0,
      "byteOffset": 78824,
      "byteLength": 16
    },
    {
      "buffer": 0,
      "byteOffset": 78840,
      "byteLength": 4
    },
    {
      "buffer": 0,
      "byteOffset": 78844,
      "byteLength": 16
    },
    {
      "buffer": 0,
      "byteOffset": 78860,
      "byteLength": 4
    },
    {
      "buffer": 0,
      "byteOffset": 78864,
      "byteLength": 16
    },
    {
      "buffer": 0,
      "byteOffset": 78880,
      "byteLength": 4
    },
    {
      "buffer": 0,
      "byteOffset": 78884,
      "byteLength": 16
    },
    {
      "buffer": 0,
      "byteOffset": 78900,
      "byteLength": 4
    },
    {
      "buffer": 0,
      "byteOffset": 78904,
      "byteLength": 16
    },
    {
      "buffer": 0,
      "byteOffset": 78920,
      "byteLength": 4
    },
    {
      "buffer": 0,
      "byteOffset": 78924,
      "byteLength": 16
    },
    {
      "buffer": 0,
      "byteOffset": 78940,
      "byteLength": 4
    },
    {
      "buffer": 0,
      "byteOffset": 78944,
      "byteLength": 16
    },
    {
      "buffer": 0,
      "byteOffset": 78960,
      "byteLength": 4
    },
    {
      "buffer": 0,
      "byteOffset": 78964,
      "byteLength": 16
    },
    {
      "buffer": 0,
      "byteOffset": 78980,
      "byteLength": 4
    },
    {
      "buffer": 0,
      "byteOffset": 78984,
      "byteLength": 16
    },
    {
      "buffer": 0,
      "byteOffset": 79000,
      "byteLength": 4
    },
    {
      "buffer": 0,
      "byteOffset": 79004,
      "byteLength": 16
    },
    {
      "buffer": 0,
      "byteOffset": 79020,
      "byteLength": 4
    },
    {
      "buffer": 0,
      "byteOffset": 79024,
      "byteLength": 16
    },
    {
      "buffer": 0,
      "byteOffset": 79040,
      "byteLength": 4
    },
    {
      "buffer": 0,
      "byteOffset": 79044,
      "byteLength": 16
    },
    {
      "buffer": 0,
      "byteOffset": 79060,
      "byteLength": 4
    },
    {
      "buffer": 0,
      "byteOffset": 79064,
      "byteLength": 16
    },
    {
      "buffer": 0,
      "byteOffset": 79080,
      "byteLength": 4
    },
    {
      "buffer": 0,
      "byteOffset": 79084,
      "byteLength": 16
    },
    {
      "buffer": 0,
      "byteOffset": 79100,
      "byteLength": 4
    },
    {
      "buffer": 0,
      "byteOffset": 79104,
      "byteLength": 16
    },
    {
      "buffer": 0,
      "byteOffset": 79120,
      "byteLength": 68
    },
    {
      "buffer": 0,
      "byteOffset": 79188,
      "byteLength": 204
    },
    {
      "buffer": 0,
      "byteOffset": 79392,
      "byteLength": 68
    },
    {
      "buffer": 0,
      "byteOffset": 79460,
      "byteLength": 272
    },
    {
      "buffer": 0,
      "byteOffset": 79732,
      "byteLength": 68
    },
    {
      "buffer": 0,
      "byteOffset": 79800,
      "byteLength": 272
    },
    {
      "buffer": 0,
      "byteOffset": 80072,
      "byteLength": 68
    },
    {
      "buffer": 0,
      "byteOffset": 80140,
      "byteLength": 272
    },
    {
      "buffer": 0,
      "byteOffset": 80412,
      "byteLength": 68
    },
    {
      "buffer": 0,
      "byteOffset": 80480,
      "byteLength": 272
    },
    {
      "buffer": 0,
      "byteOffset": 80752,
      "byteLength": 68
    },
    {
      "buffer": 0,
      "byteOffset": 80820,
      "byteLength": 272
    },
    {
      "buffer": 0,
      "byteOffset": 81092,
      "byteLength": 68
    },
    {
      "buffer": 0,
      "byteOffset": 81160,
      "byteLength": 272
    },
    {
      "buffer": 0,
      "byteOffset": 81432,
      "byteLength": 68
    },
    {
      "buffer": 0,
      "byteOffset": 81500,
      "byteLength": 272
    },
    {
      "buffer": 0,
      "byteOffset": 81772,
      "byteLength": 68
    },
    {
      "buffer": 0,
      "byteOffset": 81840,
      "byteLength": 272
    },
    {
      "buffer": 0,
      "byteOffset": 82112,
      "byteLength": 68
    },
    {
      "buffer": 0,
      "byteOffset": 82180,
      "byteLength": 272
    },
    {
      "buffer": 0,
      "byteOffset": 82452,
      "byteLength": 68
    },
    {
      "buffer": 0,
      "byteOffset": 82520,
      "byteLength": 272
    },
    {
      "buffer": 0,
      "byteOffset": 82792,
      "byteLength": 68
    },
    {
      "buffer": 0,
      "byteOffset": 82860,
      "byteLength": 272
    },
    {
      "buffer": 0,
      "byteOffset": 83132,
      "byteLength": 68
    },
    {
      "buffer": 0,
      "byteOffset": 83200,
      "byteLength": 272
    },
    {
      "buffer": 0,
      "byteOffset": 83472,
      "byteLength": 68
    },
    {
      "buffer": 0,
      "byteOffset": 83540,
      "byteLength": 272
    },
    {
      "buffer": 0,
      "byteOffset": 83812,
      "byteLength": 68
    },
    {
      "buffer": 0,
      "byteOffset": 83880,
      "byteLength": 272
    },
    {
      "buffer": 0,
      "byteOffset": 84152,
      "byteLength": 68
    },
    {
      "buffer": 0,
      "byteOffset": 84220,
      "byteLength": 272
    },
    {
      "buffer": 0,
      "byteOffset": 84492,
      "byteLength": 68
    },
    {
      "buffer": 0,
      "byteOffset": 84560,
      "byteLength": 272
    },
    {
      "buffer": 0,
      "byteOffset": 84832,
      "byteLength": 68
    },
    {
      "buffer": 0,
      "byteOffset": 84900,
      "byteLength": 272
    },
    {
      "buffer": 0,
      "byteOffset": 85172,
      "byteLength": 68
    },
    {
      "buffer": 0,
      "byteOffset": 85240,
      "byteLength": 272
    },
    {
      "buffer": 0,
      "byteOffset": 85512,
      "byteLength": 68
    },
    {
      "buffer": 0,
      "byteOffset": 85580,
      "byteLength": 272
    },
    {
      "buffer": 0,
      "byteOffset": 85852,
      "byteLength": 68
    },
    {
      "buffer": 0,
      "byteOffset": 85920,
      "byteLength": 272
    },
    {
      "buffer": 0,
      "byteOffset": 86192,
      "byteLength": 356
    },
    {
      "buffer": 0,
      "byteOffset": 86548,
      "byteLength": 1068
    },
    {
      "buffer": 0,
      "byteOffset": 87616,
      "byteLength": 356
    },
    {
      "buffer": 0,
      "byteOffset": 87972,
      "byteLength": 1424
    },
    {
      "buffer": 0,
      "byteOffset": 89396,
      "byteLength": 356
    },
    {
      "buffer": 0,
      "byteOffset": 89752,
      "byteLength": 1424
    },
    {
      "buffer": 0,
      "byteOffset": 91176,
      "byteLength": 356
    },
    {
      "buffer": 0,
      "byteOffset": 91532,
      "byteLength": 1424
    },
    {
      "buffer": 0,
      "byteOffset": 92956,
      "byteLength": 356
    },
    {
      "buffer": 0,
      "byteOffset": 93312,
      "byteLength": 1424
    },
    {
      "buffer": 0,
      "byteOffset": 94736,
      "byteLength": 356
    },
    {
      "buffer": 0,
      "byteOffset": 95092,
      "byteLength": 1424
    },
    {
      "buffer": 0,
      "byteOffset": 96516,
      "byteLength": 356
    },
    {
      "buffer": 0,
      "byteOffset": 96872,
      "byteLength": 1424
    },
    {
      "buffer": 0,
      "byteOffset": 98296,
      "byteLength": 356
    },
    {
      "buffer": 0,
      "byteOffset": 98652,
      "byteLength": 1424
    },
    {
      "buffer": 0,
      "byteOffset": 100076,
      "byteLength": 356
    },
    {
      "buffer": 0,
      "byteOffset": 100432,
      "byteLength": 1424
    },
    {
      "buffer": 0,
      "byteOffset": 101856,
      "byteLength": 356
    },
    {
      "buffer": 0,
      "byteOffset": 102212,
      "byteLength": 1424
    },
    {
      "buffer": 0,
      "byteOffset": 103636,
      "byteLength": 356
    },
    {
      "buffer": 0,
      "byteOffset": 103992,
      "byteLength": 1424
    },
    {
      "buffer": 0,
      "byteOffset": 105416,
      "byteLength": 356
    },
    {
      "buffer": 0,
      "byteOffset": 105772,
      "byteLength": 1424
    },
    {
      "buffer": 0,
      "byteOffset": 107196,
      "byteLength": 356
    },
    {
      "buffer": 0,
      "byteOffset": 107552,
      "byteLength": 1424
    },
    {
      "buffer": 0,
      "byteOffset": 108976,
      "byteLength": 356
    },
    {
      "buffer": 0,
      "byteOffset": 109332,
      "byteLength": 1424
    },
