{
  "asset": {
    "version": "2.0",
    "generator": "GLTFExporter"
  },
  "scenes": [
    {
      "name": "AuxScene",
      "nodes": [
        34
      ]
    }
  ],
  "scene": 0,
  "nodes": [
    {
      "name": "unamed",
      "extras": {
        "transformData": {
          "eulerOrder": "ZYX",
          "parentMatrixWorld": {
            "elements": [
              1,
              0,
              0,
              0,
              0,
              1,
              0,
              0,
              0,
              0,
              1,
              0,
              -1.050000000745058,
              -1.100000023841858,
              1.0999999940395355,
              1
            ]
          }
        }
      },
      "mesh": 0,
      "skin": 0
    },
    {
      "rotation": [
        -1.7347234759768074e-17,
        6.071532165918823e-18,
        2.7755575615628907e-17,
        1
      ],
      "translation": [
        2.220446049250313e-16,
        0.156396583121732,
        -2.7755575615628914e-17
      ],
      "name": "mixamorigRightToe_End",
      "extras": {
        "transformData": {
          "eulerOrder": "ZYX",
          "translation": [
            2.220446049250313e-16,
            0.156396583121732,
            -2.7755575615628914e-17
          ],
          "preRotation": [
            -1.9878466759146984e-15,
            6.957463365701441e-16,
            3.180554681463516e-15
          ],
          "parentMatrixWorld": {
            "elements": [
              0.9967202233380321,
              0.00024377420677168524,
              0.08092426463210765,
              0,
              -0.05567103582653121,
              0.7278327941081548,
              0.6834911337949146,
              0,
              -0.05873271492202925,
              -0.685754573284344,
              0.7254592363081256,
              0,
              -1.1102230246251565e-16,
              0.31973525078278187,
              0,
              1
            ]
          }
        }
      }
    },
    {
      "rotation": [
        0.3685879111289978,
        -0.037594329565763474,
        0.015051734633743763,
        0.928710401058197
      ],
      "translation": [
        -1.1102230246251565e-16,
        0.31973525078278187,
        0
      ],
      "scale": [
        0.9999999999999999,
        1,
        1
      ],
      "name": "mixamorigRightToeBase",
      "extras": {
        "transformData": {
          "eulerOrder": "ZYX",
          "translation": [
            -1.1102230246251565e-16,
            0.31973525078278187,
            0
          ],
          "preRotation": [
            43.172911499073614,
            -4.6829544800989344,
            3.191207828469139e-15
          ],
          "parentMatrixWorld": {
            "elements": [
              -0.9316174364190595,
              0.09008132628999395,
              0.3520997710188438,
              0,
              -0.32673728907531235,
              0.21666980579422046,
              -0.919943974184715,
              0,
              -0.15915915941409833,
              -0.9720799999819395,
              -0.17242041749179116,
              0,
              4.440892098500626e-16,
              0.2140270026262533,
              0,
              1
            ]
          }
        }
      },
      "children": [
        1
      ]
    },
    {
      "rotation": [
        0.07767428029681253,
        -0.7616934520699701,
        0.6209925951919733,
        0.167803375834317
      ],
      "translation": [
        4.440892098500626e-16,
        0.2140270026262533,
        0
      ],
      "name": "mixamorigRightFoot",
      "extras": {
        "transformData": {
          "eulerOrder": "ZYX",
          "translation": [
            4.440892098500626e-16,
            0.2140270026262533,
            0
          ],
          "preRotation": [
            -117.69275055832824,
            -17.99000591799697,
            180
          ],
          "parentMatrixWorld": {
            "elements": [
              0.9892605865733598,
              0.14533291514852467,
              0.015551065139202255,
              0,
              0.080645451059592,
              -0.6314630169323148,
              0.7712008619485162,
              0,
              0.12190079194134439,
              -0.7616644943944616,
              -0.6364019130258033,
              0,
              -2.220446049250313e-16,
              0.3395815535056939,
              0,
              1
            ]
          }
        }
      },
      "children": [
        2
      ]
    },
    {
      "rotation": [
        0.9023754092022175,
        0.06260652825410609,
        0.03808056372072093,
        0.42467506891011453
      ],
      "translation": [
        -2.220446049250313e-16,
        0.3395815535056939,
        0
      ],
      "scale": [
        0.9999999999999999,
        1,
        0.9999999999999999
      ],
      "name": "mixamorigRightLeg",
      "extras": {
        "transformData": {
          "eulerOrder": "ZYX",
          "translation": [
            -2.220446049250313e-16,
            0.3395815535056939,
            0
          ],
          "preRotation": [
            33.096949745939824,
            3.460683210880022,
            1.9914782253216813e-16
          ],
          "parentMatrixWorld": {
            "elements": [
              -0.9820450018497331,
              -0.041590593101234447,
              -0.18400469378312112,
              0,
              0.184480034729424,
              -0.007862518715678668,
              -0.9828047831935385,
              0,
              0.03942868949081539,
              -0.9991037722115532,
              0.015394036695873137,
              0,
              0.1935441493988037,
              -0.07227987051010132,
              0.028094708919525035,
              1
            ]
          }
        }
      },
      "children": [
        3
      ]
    },
    {
      "rotation": [
        0.05104772318642784,
        0.6997836177058915,
        -0.7080433527089434,
        0.07982231136191095
      ],
      "translation": [
        0.1935441493988037,
        -0.07227987051010132,
        0.028094708919525035
      ],
      "name": "mixamorigRightUpLeg",
      "extras": {
        "transformData": {
          "eulerOrder": "ZYX",
          "translation": [
            0.1935441493988037,
            -0.07227987051010132,
            0.028094708919525035
          ],
          "preRotation": [
            -16.972974579725992,
            0.3587537382208904,
            -178.8247592751929
          ],
          "parentMatrixWorld": {
            "elements": [
              -0.9990452281494968,
              -0.03276594270584141,
              -0.028896331998523032,
              0,
              -0.027995378131552177,
              0.9879325100520885,
              -0.1523338905884525,
              0,
              0.03353898936525605,
              -0.1513794847961266,
              -0.9879065546998411,
              0,
              0.008606083209708446,
              0.43607465850390104,
              0.1489030764501668,
              1
            ]
          }
        }
      },
      "children": [
        4
      ]
    },
    {
      "translation": [
        0,
        0.545157790184021,
        -0.11615991592407227
      ],
      "name": "mixamorigHeadTop_End",
      "extras": {
        "transformData": {
          "eulerOrder": "ZYX",
          "translation": [
            0,
            0.545157790184021,
            -0.11615991592407227
          ],
          "parentMatrixWorld": {
            "elements": [
              0.9968301249669814,
              -0.042827523472770426,
              -0.06704852849603944,
              0,
              0.05598847059514184,
              0.9763675839839755,
              0.20873819001655225,
              0,
              0.05652427001485162,
              -0.21183046061451744,
              0.9756704683021014,
              0,
              0,
              0.18142461776733398,
              -0.03865712881088257,
              1
            ]
          }
        }
      }
    },
    {
      "rotation": [
        0.10582068876276571,
        0.03109256629362028,
        -0.024863423693975508,
        0.9935879636304443
      ],
      "translation": [
        0,
        0.18142461776733398,
        -0.03865712881088257
      ],
      "name": "mixamorigHead",
      "extras": {
        "transformData": {
          "eulerOrder": "ZYX",
          "translation": [
            0,
            0.18142461776733398,
            -0.03865712881088257
          ],
          "parentMatrixWorld": {
            "elements": [
              0.9999644543506979,
              -0.0016369083780865467,
              -0.008271068049829376,
              0,
              0.0005662824717983562,
              0.9917970546940431,
              -0.1278212883899668,
              0,
              0.008412452667640525,
              0.1278120611384961,
              0.99176272757627,
              0,
              0,
              0.19685927103983314,
              4.865006619780843e-9,
              1
            ]
          }
        }
      },
      "children": [
        6
      ]
    },
    {
      "rotation": [
        -0.06404036242945653,
        0.004179496592744674,
        -0.0005519355779993089,
        0.9979384088045062
      ],
      "translation": [
        0,
        0.19685927103983314,
        4.865006619780843e-9
      ],
      "scale": [
        1,
        0.9999999999999999,
        0.9999999999999999
      ],
      "name": "mixamorigNeck",
      "extras": {
        "transformData": {
          "eulerOrder": "ZYX",
          "translation": [
            0,
            0.19685927103983314,
            4.865006619780843e-9
          ],
          "preRotation": [
            -6.247780022342673,
            0,
            0
          ],
          "parentMatrixWorld": {
            "elements": [
              0.9999753965563694,
              0.006950564019780062,
              0.0009465419899605957,
              0,
              -0.006915379780458633,
              0.999426741724327,
              -0.03314159695589973,
              0,
              -0.0011763521682913078,
              0.03313423586114847,
              0.9994502181747092,
              0,
              0,
              0.17498606504773495,
              -2.220446049250313e-16,
              1
            ]
          }
        }
      },
      "children": [
        7
      ]
    },
    {
      "rotation": [
        9.629649721936175e-35,
        -6.938893903907227e-18,
        1.3877787807814454e-17,
        1
      ],
      "translation": [
        -0.0021420748207652274,
        0.008442180728832488,
        -0.0009646903021316433
      ],
      "name": "mixamorigLeftHandIndex4",
      "extras": {
        "transformData": {
          "eulerOrder": "ZYX",
          "translation": [
            -0.0021420748207652274,
            0.008442180728832488,
            -0.0009646903021316433
          ],
          "preRotation": [
            0,
            -7.95138670365879e-16,
            1.590277340731758e-15
          ],
          "parentMatrixWorld": {
            "elements": [
              0.9143430412390997,
              0.37773173006252847,
              -0.14592992612421174,
              0,
              -0.02672927825069138,
              0.4158863954543931,
              0.90902368164177,
              0,
              0.4040573584515519,
              -0.8272588761719817,
              0.3903593280424431,
              0,
              -0.024038361284258958,
              0.035027445325745254,
              0.045437028220091324,
              1
            ]
          }
        }
      }
    },
    {
      "rotation": [
        0.5263310074806213,
        0.16672134399414062,
        0.12260698527097702,
        0.8247103691101074
      ],
      "translation": [
        -0.024038361284258958,
        0.035027445325745254,
        0.045437028220091324
      ],
      "name": "mixamorigLeftHandIndex3",
      "extras": {
        "transformData": {
          "eulerOrder": "ZYX",
          "translation": [
            -0.024038361284258958,
            0.035027445325745254,
            0.045437028220091324
          ],
          "preRotation": [
            1.9878466759146975e-16,
            -7.95138670365879e-16,
            1.590277340731758e-15
          ],
          "parentMatrixWorld": {
            "elements": [
              0.8471889966102673,
              -0.5245403472374832,
              -0.08442877366900348,
              0,
              0.4731937010052434,
              0.8172151910500016,
              -0.3290091799672812,
              0,
              0.2415750712143776,
              0.23878179012178258,
              0.9405449152799914,
              0,
              0,
              0.041004747460734126,
              -2.220446049250313e-16,
              1
            ]
          }
        }
      },
      "children": [
        9
      ]
    },
    {
      "rotation": [
        -0.1495233178138733,
        0.08585056662559509,
        -0.2627454698085785,
        0.9493351578712463
      ],
      "translation": [
        0,
        0.041004747460734126,
        -2.220446049250313e-16
      ],
      "name": "mixamorigLeftHandIndex2",
      "extras": {
        "transformData": {
          "eulerOrder": "ZYX",
          "translation": [
            0,
            0.041004747460734126,
            -2.220446049250313e-16
          ],
          "preRotation": [
            0,
            -7.951386703658792e-16,
            0
          ],
          "parentMatrixWorld": {
            "elements": [
              0.9775693562053991,
              -0.1988875322204411,
              -0.06929576885397815,
              0,
              0.17257826576184776,
              0.5678307823303984,
              0.8048508865357565,
              0,
              -0.12072653494751684,
              -0.7987565066389276,
              0.5894176374675738,
              0,
              0,
              0.11254807524907345,
              2.220446049250313e-16,
              1
            ]
          }
        }
      },
      "children": [
        10
      ]
    },
    {
      "rotation": [
        0.4528578519821167,
        -0.014524020254611969,
        -0.1049017384648323,
        0.8852708339691162
      ],
      "translation": [
        0,
        0.11254807524907345,
        2.220446049250313e-16
      ],
      "name": "mixamorigLeftHandIndex1",
      "extras": {
        "transformData": {
          "eulerOrder": "ZYX",
          "translation": [
            0,
            0.11254807524907345,
            2.220446049250313e-16
          ],
          "preRotation": [
            7.7803523641140675,
            0,
            1.7621400494304256
          ],
          "parentMatrixWorld": {
            "elements": [
              0.9119972353097725,
              0.08279132692527288,
              -0.40175445030018925,
              0,
              -0.18288911124559798,
              0.9587522641986611,
              -0.21759059856307683,
              0,
              0.3671683743704649,
              0.27191853886999934,
              0.8895210465643381,
              0,
              0,
              0.2429148436546869,
              2.220446049250313e-16,
              1
            ]
          }
        }
      },
      "children": [
        11
      ]
    },
    {
      "rotation": [
        -0.12621799054292257,
        0.1982637021270854,
        0.0685046477545582,
        0.9695708498595736
      ],
      "translation": [
        0,
        0.2429148436546869,
        2.220446049250313e-16
      ],
      "scale": [
        1,
        0.9999999999999999,
        0.9999999999999999
      ],
      "name": "mixamorigLeftHand",
      "extras": {
        "transformData": {
          "eulerOrder": "ZYX",
          "translation": [
            0,
            0.2429148436546869,
            2.220446049250313e-16
          ],
          "preRotation": [
            -9.285075538260168,
            -7.951386703658794e-16,
            5.179812754777284
          ],
          "parentMatrixWorld": {
            "elements": [
              0.592584677086808,
              0.8044230927790358,
              0.04179565906313657,
              0,
              -0.804193031322885,
              0.5878564550332537,
              0.0877402151160433,
              0,
              0.046010408435704704,
              -0.08560528477092483,
              0.9952661841965152,
              0,
              0,
              0.1740632464806734,
              2.220446049250313e-16,
              1
            ]
          }
        }
      },
      "children": [
        12
      ]
    },
    {
      "rotation": [
        0.04863650341317431,
        0.0011825554881912171,
        0.45133830218486154,
        0.8910257097142263
      ],
      "translation": [
        0,
        0.1740632464806734,
        2.220446049250313e-16
      ],
      "name": "mixamorigLeftForeArm",
      "extras": {
        "transformData": {
          "eulerOrder": "ZYX",
          "translation": [
            0,
            0.1740632464806734,
            2.220446049250313e-16
          ],
          "preRotation": [
            2.5664016031389463,
            -7.951386703658794e-16,
            6.782329824181889
          ],
          "parentMatrixWorld": {
            "elements": [
              0.9332563484377642,
              0.2885055567926366,
              0.21400263634099487,
              0,
              -0.3556285116970461,
              0.6581521837163502,
              0.6635993121765428,
              0,
              0.0506057934358243,
              -0.6954137107886266,
              0.7168255087014963,
              0,
              0,
              0.23766991646477809,
              0,
              1
            ]
          }
        }
      },
      "children": [
        13
      ]
    },
    {
      "rotation": [
        0.37359023542509706,
        -0.04491749819694317,
        0.17707129676163058,
        0.9094275586584788
      ],
      "translation": [
        0,
        0.23766991646477809,
        0
      ],
      "scale": [
        0.9999999999999999,
        1,
        1
      ],
      "name": "mixamorigLeftArm",
      "extras": {
        "transformData": {
          "eulerOrder": "ZYX",
          "translation": [
            0,
            0.23766991646477809,
            0
          ],
          "preRotation": [
            -8.87843091555779,
            -7.951386703658792e-16,
            -0.14206267034145362
          ],
          "parentMatrixWorld": {
            "elements": [
              -0.2043513812338542,
              0.040595340040665284,
              0.9780555115613152,
              0,
              -0.9316768068471628,
              -0.31464145217606365,
              -0.1816016004594822,
              0,
              0.30036459996403964,
              -0.9483421492654187,
              0.10211911690110198,
              0,
              -0.11680561304092407,
              0.17607191916642506,
              0.0017414046130301841,
              1
            ]
          }
        }
      },
      "children": [
        14
      ]
    },
    {
      "rotation": [
        0.5020385826908892,
        -0.4437315664218314,
        0.636614473270719,
        0.3818135573845065
      ],
      "translation": [
        -0.11680561304092407,
        0.17607191916642506,
        0.0017414046130301841
      ],
      "name": "mixamorigLeftShoulder",
      "extras": {
        "transformData": {
          "eulerOrder": "ZYX",
          "translation": [
            -0.11680561304092407,
            0.17607191916642506,
            0.0017414046130301841
          ],
          "preRotation": [
            98.54771453509322,
            -89.09740132425296,
            2.0180428154855408
          ],
          "parentMatrixWorld": {
            "elements": [
              0.9999753965563694,
              0.006950564019780062,
              0.0009465419899605957,
              0,
              -0.006915379780458633,
              0.999426741724327,
              -0.03314159695589973,
              0,
              -0.0011763521682913078,
              0.03313423586114847,
              0.9994502181747092,
              0,
              0,
              0.17498606504773495,
              -2.220446049250313e-16,
              1
            ]
          }
        }
      },
      "children": [
        15
      ]
    },
    {
      "rotation": [
        3.469446951953614e-18,
        0,
        0,
        1
      ],
      "translation": [
        0.0032250239831940197,
        0.00833664601904971,
        0.006390380563442433
      ],
      "name": "mixamorigRightHandIndex4",
      "extras": {
        "transformData": {
          "eulerOrder": "ZYX",
          "translation": [
            0.0032250239831940197,
            0.00833664601904971,
            0.006390380563442433
          ],
          "preRotation": [
            3.975693351829396e-16,
            0,
            0
          ],
          "parentMatrixWorld": {
            "elements": [
              0.9850279367876218,
              -0.06907296207370006,
              0.15795217312427934,
              0,
              -0.01011376591943769,
              0.8914917945746907,
              0.4529239308488083,
              0,
              -0.17209786408681527,
              -0.44774021631630817,
              0.8774457353237479,
              0,
              0.020481595389084895,
              0.04267156407305528,
              0.049262909822354484,
              1
            ]
          }
        }
      }
    },
    {
      "rotation": [
        0.23242762684822083,
        -0.08517353236675262,
        -0.015215156599879265,
        0.9687576293945312
      ],
      "translation": [
        0.020481595389084895,
        0.04267156407305528,
        0.049262909822354484
      ],
      "name": "mixamorigRightHandIndex3",
      "extras": {
        "transformData": {
          "eulerOrder": "ZYX",
          "translation": [
            0.020481595389084895,
            0.04267156407305528,
            0.049262909822354484
          ],
          "preRotation": [
            3.975693351829396e-16,
            0,
            0
          ],
          "parentMatrixWorld": {
            "elements": [
              0.8921172646867013,
              0.4403306093620041,
              0.10117186012773027,
              0,
              -0.4066575542099249,
              0.8801550746654082,
              -0.2448605387747893,
              0,
              -0.1968665142344448,
              0.1773020143821391,
              0.9642653021087279,
              0,
              0,
              0.034532312543795296,
              0,
              1
            ]
          }
        }
      },
      "children": [
        17
      ]
    },
    {
      "rotation": [
        -0.10919808596372604,
        -0.07709167897701263,
        0.21908500790596008,
        0.96650630235672
      ],
      "translation": [
        0,
        0.034532312543795296,
        0
      ],
      "name": "mixamorigRightHandIndex2",
      "extras": {
        "transformData": {
          "eulerOrder": "ZYX",
          "translation": [
            0,
            0.034532312543795296,
            0
          ],
          "preRotation": [
            3.975693351829396e-16,
            0,
            0
          ],
          "parentMatrixWorld": {
            "elements": [
              0.978093720211617,
              0.19812435692750685,
              0.06387028440931819,
              0,
              -0.17924325667462182,
              0.6455578357024264,
              0.742379234969445,
              0,
              0.10585144767617005,
              -0.7375647854725743,
              0.666928520534902,
              0,
              0,
              0.11367573433038292,
              0,
              1
            ]
          }
        }
      },
      "children": [
        18
      ]
    },
    {
      "rotation": [
        0.4079238176345825,
        0.011571462266147137,
        0.10401558130979538,
        0.906997799873352
      ],
      "translation": [
        0,
        0.11367573433038292,
        0
      ],
      "name": "mixamorigRightHandIndex1",
      "extras": {
        "transformData": {
          "eulerOrder": "ZYX",
          "translation": [
            0,
            0.11367573433038292,
            0
          ],
          "preRotation": [
            6.648833837980808,
            -1.5902773407317584e-15,
            2.382084804832358
          ],
          "parentMatrixWorld": {
            "elements": [
              0.9170877449763644,
              -0.15912020149889075,
              0.36555550806480025,
              0,
              0.14916890719463127,
              0.9872525624743241,
              0.055506891574847846,
              0,
              -0.3697278798358616,
              0.003624825636474583,
              0.929133012813779,
              0,
              0,
              0.2417120900764711,
              0,
              1
            ]
          }
        }
      },
      "children": [
        19
      ]
    },
    {
      "rotation": [
        0.013249242320422188,
        -0.1877710072696135,
        -0.07872849764076913,
        0.9789628848889534
      ],
      "translation": [
        0,
        0.2417120900764711,
        0
      ],
      "scale": [
        1,
        0.9999999999999999,
        1
      ],
      "name": "mixamorigRightHand",
      "extras": {
        "transformData": {
          "eulerOrder": "ZYX",
          "translation": [
            0,
            0.2417120900764711,
            0
          ],
          "preRotation": [
            -8.100230571653228,
            2.3854160110976376e-15,
            -13.686187673759894
          ],
          "parentMatrixWorld": {
            "elements": [
              0.8339634411126688,
              -0.5514502362438284,
              -0.020189434595779102,
              0,
              0.551464770877974,
              0.8315570177873575,
              0.06632895330911082,
              0,
              -0.019788451257614605,
              -0.06644968407151727,
              0.9975935327809852,
              0,
              0,
              0.17427454971547807,
              -2.220446049250313e-16,
              1
            ]
          }
        }
      },
      "children": [
        20
      ]
    },
    {
      "rotation": [
        0.03468749970928334,
        0.000104754120846535,
        -0.28812890946630065,
        0.9569631603131434
      ],
      "translation": [
        0,
        0.17427454971547807,
        -2.220446049250313e-16
      ],
      "scale": [
        0.9999999999999999,
        0.9999999999999999,
        0.9999999999999999
      ],
      "name": "mixamorigRightForeArm",
      "extras": {
        "transformData": {
          "eulerOrder": "ZYX",
          "translation": [
            0,
            0.17427454971547807,
            -2.220446049250313e-16
          ],
          "preRotation": [
            1.741349154148494,
            7.951386703658794e-16,
            0.8240311175475737
          ],
          "parentMatrixWorld": {
            "elements": [
              0.809180689879354,
              -0.5128391126220545,
              -0.28674492566922605,
              0,
              0.5748745877044419,
              0.5901661638273092,
              0.5667654721395294,
              0,
              -0.12143235254113313,
              -0.6234580471554759,
              0.7723692402365198,
              0,
              0,
              0.2376699164645617,
              0,
              1
            ]
          }
        }
      },
      "children": [
        21
      ]
    },
    {
      "rotation": [
        0.3341576296508599,
        0.04641183499775575,
        -0.3053777932863883,
        0.8904656168846081
      ],
      "translation": [
        0,
        0.2376699164645617,
        0
      ],
      "scale": [
        1,
        0.9999999999999999,
        1
      ],
      "name": "mixamorigRightArm",
      "extras": {
        "transformData": {
          "eulerOrder": "ZYX",
          "translation": [
            0,
            0.2376699164645617,
            0
          ],
          "preRotation": [
            -8.384839357326983,
            0,
            -4.2000315003819795
          ],
          "parentMatrixWorld": {
            "elements": [
              -0.24672884859395894,
              -0.033039723885753935,
              -0.9685211608716408,
              0,
              0.893049336595621,
              -0.39581165570525534,
              -0.21400000283922382,
              0,
              -0.37628147020112307,
              -0.9177371603322051,
              0.12716426669758782,
              0,
              0.1168055534362793,
              0.17618752470054067,
              0.002797369275004735,
              1
            ]
          }
        }
      },
      "children": [
        22
      ]
    },
    {
      "rotation": [
        0.5054499333301243,
        0.42536834807937807,
        -0.6651512555420763,
        0.3480746118890819
      ],
      "translation": [
        0.1168055534362793,
        0.17618752470054067,
        0.002797369275004735
      ],
      "scale": [
        1,
        1,
        0.9999999999999999
      ],
      "name": "mixamorigRightShoulder",
      "extras": {
        "transformData": {
          "eulerOrder": "ZYX",
          "translation": [
            0.1168055534362793,
            0.17618752470054067,
            0.002797369275004735
          ],
          "preRotation": [
            99.22662171204867,
            88.57980228749261,
            -1.2825796996609982
          ],
          "parentMatrixWorld": {
            "elements": [
              0.9999753965563694,
              0.006950564019780062,
              0.0009465419899605957,
              0,
              -0.006915379780458633,
              0.999426741724327,
              -0.03314159695589973,
              0,
              -0.0011763521682913078,
              0.03313423586114847,
              0.9994502181747092,
              0,
              0,
              0.17498606504773495,
              -2.220446049250313e-16,
              1
            ]
          }
        }
      },
      "children": [
        23
      ]
    },
    {
      "rotation": [
        -0.016571335623095262,
        -0.0005307996911304209,
        0.0034669833433707766,
        0.9998565342657173
      ],
      "translation": [
        0,
        0.17498606504773495,
        -2.220446049250313e-16
      ],
      "name": "mixamorigSpine2",
      "extras": {
        "transformData": {
          "eulerOrder": "ZYX",
          "translation": [
            0,
            0.17498606504773495,
            -2.220446049250313e-16
          ],
          "preRotation": [
            1.5902773407317584e-15,
            0,
            0
          ],
          "parentMatrixWorld": {
            "elements": [
              0.9999759590690207,
              0.006883123339718817,
              0.0008389857463185242,
              0,
              -0.006842254732170009,
              0.9991104865255966,
              -0.04161032641983983,
              0,
              -0.0011246484661460597,
              0.04160358551466138,
              0.9991335630625927,
              0,
              0,
              0.1531127228814897,
              0,
              1
            ]
          }
        }
      },
      "children": [
        8,
        16,
        24
      ]
    },
    {
      "rotation": [
        -0.020808108280375492,
        -0.0004910178162057083,
        0.0034321082433157696,
        0.999777476323758
      ],
      "translation": [
        0,
        0.1531127228814897,
        0
      ],
      "name": "mixamorigSpine1",
      "extras": {
        "transformData": {
          "eulerOrder": "ZYX",
          "translation": [
            0,
            0.1531127228814897,
            0
          ],
          "preRotation": [
            0.00001913777571732837,
            0,
            0
          ],
          "parentMatrixWorld": {
            "elements": [
              0.9981331978959409,
              0.060479603991325855,
              -0.00850510135043855,
              0,
              -0.0609173669449851,
              0.9758720513386244,
              -0.2096731115097428,
              0,
              -0.004381056084880276,
              0.20979980168422327,
              0.977734549579002,
              0,
              0,
              0.13046008348464966,
              0.014282584190368652,
              1
            ]
          }
        }
      },
      "children": [
        25
      ]
    },
    {
      "rotation": [
        -0.1055066312824868,
        0.0010372877712472072,
        0.03053399885552459,
        0.9939491672112438
      ],
      "translation": [
        0,
        0.13046008348464966,
        0.014282584190368652
      ],
      "name": "mixamorigSpine",
      "extras": {
        "transformData": {
          "eulerOrder": "ZYX",
          "translation": [
            0,
            0.13046008348464966,
            0.014282584190368652
          ],
          "preRotation": [
            6.247760884566954,
            0,
            0
          ],
          "parentMatrixWorld": {
            "elements": [
              -0.9990452281494968,
              -0.03276594270584141,
              -0.028896331998523032,
              0,
              -0.027995378131552177,
              0.9879325100520885,
              -0.1523338905884525,
              0,
              0.03353898936525605,
              -0.1513794847961266,
              -0.9879065546998411,
              0,
              0.008606083209708446,
              0.43607465850390104,
              0.1489030764501668,
              1
            ]
          }
        }
      },
      "children": [
        26
      ]
    },
    {
      "rotation": [
        2.7755575615628898e-17,
        8.673617379884035e-18,
        2.7755575615628907e-17,
        1
      ],
      "translation": [
        0,
        0.1564508377788585,
        0
      ],
      "name": "mixamorigLeftToe_End",
      "extras": {
        "transformData": {
          "eulerOrder": "ZYX",
          "translation": [
            0,
            0.1564508377788585,
            0
          ],
          "preRotation": [
            3.1805546814635148e-15,
            9.939233379573488e-16,
            3.180554681463516e-15
          ],
          "parentMatrixWorld": {
            "elements": [
              0.9975361928391531,
              -4.581039603213099e-8,
              -0.07015371480287423,
              0,
              0.047184118602761616,
              0.7400231492260126,
              0.6709242643620055,
              0,
              0.051915341203979774,
              -0.672581377647356,
              0.7381998770890691,
              0,
              -2.220446049250313e-16,
              0.32474785012468743,
              0,
              1
            ]
          }
        }
      }
    },
    {
      "rotation": [
        0.3603169322013855,
        0.03273789584636688,
        -0.012654396705329418,
        0.9321693778038025
      ],
      "translation": [
        -2.220446049250313e-16,
        0.32474785012468743,
        0
      ],
      "scale": [
        0.9999999999999999,
        1,
        0.9999999999999999
      ],
      "name": "mixamorigLeftToeBase",
      "extras": {
        "transformData": {
          "eulerOrder": "ZYX",
          "translation": [
            -2.220446049250313e-16,
            0.32474785012468743,
            0
          ],
          "preRotation": [
            42.26657255648011,
            4.02283292635952,
            0
          ],
          "parentMatrixWorld": {
            "elements": [
              -0.9471120319189188,
              0.05668368267975904,
              -0.315857182255608,
              0,
              0.31342856719528517,
              0.3745989178845899,
              -0.8726042540216168,
              0,
              0.06885733606887914,
              -0.9254526519431301,
              -0.37255342786284995,
              0,
              1.1102230246251565e-16,
              0.2140011320331241,
              -1.1102230246251565e-16,
              1
            ]
          }
        }
      },
      "children": [
        28
      ]
    },
    {
      "rotation": [
        -0.11274138332855141,
        -0.8207107251745829,
        0.5477133570973687,
        -0.1171894391421076
      ],
      "translation": [
        1.1102230246251565e-16,
        0.2140011320331241,
        -1.1102230246251565e-16
      ],
      "name": "mixamorigLeftFoot",
      "extras": {
        "transformData": {
          "eulerOrder": "ZYX",
          "translation": [
            1.1102230246251565e-16,
            0.2140011320331241,
            -1.1102230246251565e-16
          ],
          "preRotation": [
            -116.84106939326794,
            17.20999667388484,
            180
          ],
          "parentMatrixWorld": {
            "elements": [
              0.9914321803311396,
              0.0718675721899158,
              0.10907467092851374,
              0,
              -0.06122372250081947,
              -0.48196323761258664,
              0.8740498198898357,
              0,
              0.1153858205057232,
              -0.873239076034644,
              -0.4734338631760069,
              0,
              0,
              0.3362856166329008,
              0,
              1
            ]
          }
        }
      },
      "children": [
        29
      ]
    },
    {
      "rotation": [
        0.858316561811511,
        0.0031002109718796713,
        0.06537811963004192,
        0.5089290401890759
      ],
      "translation": [
        0,
        0.3362856166329008,
        0
      ],
      "name": "mixamorigLeftLeg",
      "extras": {
        "transformData": {
          "eulerOrder": "ZYX",
          "translation": [
            0,
            0.3362856166329008,
            0
          ],
          "preRotation": [
            31.129019322447178,
            -3.7194249580304195,
            0
          ],
          "parentMatrixWorld": {
            "elements": [
              -0.9687567893887703,
              0.02522675417904867,
              0.24672634528226717,
              0,
              -0.24681799574535218,
              -0.0005373984881043015,
              -0.9690617038803799,
              0,
              -0.024313690772936172,
              -0.9996816092261014,
              0.006747027562991614,
              0,
              -0.19354408979415894,
              -0.07227987051010132,
              0.02375340461730957,
              1
            ]
          }
        }
      },
      "children": [
        30
      ]
    },
    {
      "rotation": [
        0.07911002075644778,
        -0.7002628726659857,
        0.7028586656362477,
        0.09676367498369612
      ],
      "translation": [
        -0.19354408979415894,
        -0.07227987051010132,
        0.02375340461730957
      ],
      "name": "mixamorigLeftUpLeg",
      "extras": {
        "transformData": {
          "eulerOrder": "ZYX",
          "translation": [
            -0.19354408979415894,
            -0.07227987051010132,
            0.02375340461730957
          ],
          "preRotation": [
            -15.024018710383162,
            -0.32169858795968986,
            178.80159565445587
          ],
          "parentMatrixWorld": {
            "elements": [
              -0.9990452281494968,
